-0.100912997999999948 0.000000000000000000 0.000000000000000000 0.489816381636818010
-0.099405653499999969 0.000000000000000000 0.260696032776971565 0.489370355635061816
-0.097898309100000053 0.000000000000000000 0.242839812175342312 0.500529983336761020
-0.096390964799999868 0.000000000000000000 0.272002594834132028 0.499897345028978757
-0.094883620499999988 0.000000000000000000 0.261195208501111720 0.500556757327325852
-0.093376276100000058 0.000000000000000000 0.268093214252739798 0.498940294022007680
-0.091868931799999887 0.000000000000000000 0.272331281758806776 0.497611237786500960
-0.090361587399999957 0.000000000000000000 0.284810374830641810 0.495670188038661252
-0.088854243100000077 0.000000000000000000 0.299049182244969847 0.494021861831076603
-0.087346898700000147 0.000000000000000000 0.319398255866030767 0.492642528135092961
-0.085839554399999976 0.000000000000000000 0.344109088744593616 0.491282177538998777
-0.084332210100000082 0.000000000000000000 0.374110196644971527 0.489831304834417613
-0.082824865700000153 0.000000000000000000 0.406926415119348850 0.488488533308817974
-0.081317521399999967 0.000000000000000000 0.443230921159714630 0.486651384310261004
-0.079810177000000052 0.000000000000000000 0.484776665493846570 0.485015416916169895
-0.078302832699999866 0.000000000000000000 0.532527756017166398 0.483974590758594558
-0.076795488299999937 0.000000000000000000 0.583788693242443868 0.482895735364622603
-0.075288144000000057 0.000000000000000000 0.642376811059643948 0.481946784598918265
-0.073780799699999872 0.000000000000000000 0.706058559562165899 0.480727292770033343
-0.072273455299999942 0.000000000000000000 0.775233293614066010 0.479762413179448122
-0.070766111000000076 0.000000000000000000 0.846011479100256647 0.478577094848239182
-0.069258766600000146 0.000000000000000000 0.922177024406723667 0.477681862203229834
-0.067751422299999961 0.000000000000000000 1.002640707212745896 0.476570823126003074
-0.066244077900000031 0.000000000000000000 1.087569210725535029 0.475366302321217182
-0.064736733600000151 0.000000000000000000 1.174938640216378838 0.473781763345145879
-0.063229389199999916 0.000000000000000000 1.266262034310160267 0.471770238886378812
-0.061722044900000043 0.000000000000000000 1.363023992752429470 0.469652664066440184
-0.060214700599999858 0.000000000000000000 1.466701158781144043 0.467618818734172215
-0.058707356199999929 0.000000000000000000 1.576186444313268487 0.465555584196507943
-0.057200011900000056 0.000000000000000000 1.692994044894082784 0.463744706987450239
-0.055692667500000126 0.000000000000000000 1.812446254150731573 0.462068633595933920
-0.054185323199999948 0.000000000000000000 1.938856717581370237 0.460048054444735510
-0.052677978900000061 0.000000000000000000 2.071086509081725424 0.457951322875136069
-0.051170634500000138 0.000000000000000000 2.210138030331453507 0.456177943578009337
-0.049663290199999953 0.000000000000000000 2.353788772444342037 0.454559770574676558
-0.048155945800000030 0.000000000000000000 2.503547379077306623 0.453424815666523651
-0.046648601500000150 0.000000000000000000 2.655891749152456516 0.452008017346218871
-0.045141257099999922 0.000000000000000000 2.818392600051613073 0.450640363358703999
-0.043633912800000035 0.000000000000000000 2.989997620838049208 0.449201461752991638
-0.042126568400000113 0.000000000000000000 3.169430509698474285 0.447869747507091909
-0.040619224099999927 0.000000000000000000 3.350928305407953278 0.446177193842476061
-0.039111879800000054 0.000000000000000000 3.542364474265354612 0.444110768405934331
-0.037604535400000125 0.000000000000000000 3.743268232961372011 0.441584705678512823
-0.036097191099999940 0.000000000000000000 3.954583463910400276 0.438616142027661415
-0.034589846700000010 0.000000000000000000 4.173227822528854603 0.435771332839029191
-0.033082502400000137 0.000000000000000000 4.405300641268956596 0.432868829172275260
-0.031575157999999909 0.000000000000000000 4.641875825528890331 0.429813816146726424
-0.030067813699999994 0.000000000000000000 4.893642295158612932 0.426236304304523528
-0.028560469399999990 0.000000000000000000 5.157001015080778572 0.422427397367055479
-0.027053125000000008 0.000000000000000000 5.430268365398219110 0.418076341679073149
-0.025545780700000003 0.000000000000000000 5.711240986593228541 0.413429617885480216
-0.024038436300000018 0.000000000000000000 6.012982237968217625 0.408875303330210271
-0.022531091999999985 0.000000000000000000 6.325480546479185229 0.405115653511092966
-0.021023747600000000 0.000000000000000000 6.655984889253781844 0.401004407997344992
-0.019516403299999995 0.000000000000000000 6.997599990215555898 0.395670765854622797
-0.018009058999999994 0.000000000000000000 7.363232221225380236 0.389869735719204691
-0.016501714600000009 0.000000000000000000 7.742107986262439567 0.383973212165045319
-0.014994370300000009 0.000000000000000000 8.146183399557386906 0.377480030989519766
-0.013487025899999991 0.000000000000000000 8.563985442759427968 0.370051915738527415
-0.011979681599999988 0.000000000000000000 9.018079964148517647 0.362834262003652985
-0.010472337200000004 0.000000000000000000 9.486658201324242867 0.354668395630395983
-0.008964992900000001 0.000000000000000000 10.002691377543548867 0.345651543436967690
-0.007457648550000007 0.000000000000000000 10.534581212695698582 0.335180777323537404
-0.005950304209999987 0.000000000000000000 11.125433196074478559 0.323917666512146207
-0.004442959869999998 0.000000000000000000 11.731809554666156714 0.311379161385405667
-0.002935615530000000 0.000000000000000000 12.425777978986360495 0.295736388812702033
-0.001428271179999999 0.000000000000000000 13.150479824014901453 0.281391146685223192
0.000079073160600000 0.000000031734079767 13.977950322893226698 0.251384757798161829
0.001586313880000000 0.000012772445116147 14.935607859040182177 0.248086159191759359
0.003093175639999989 0.000048571764483557 15.688891434041522643 0.271453142222988553
0.004599311819999999 0.000107421248247308 16.385238089265126149 0.297030335417979019
0.006104371280000008 0.000189307140626205 16.938191481642910219 0.328283478588224875
0.007608001670000000 0.000294210267941353 17.367137427924546955 0.359251782709115952
0.009109850980000013 0.000422106067145753 17.649394628912080663 0.391033868474679747
0.010609567599999998 0.000572964589554137 17.793884000338689333 0.420499215880412447
0.012106800500000013 0.000746750518620831 17.801428881374331326 0.449100921618565962
0.013601199100000011 0.000943423154885117 17.665620155351444254 0.476865635411607702
0.015092413599999991 0.001162936453680985 17.397743836983210031 0.505496831566952132
0.016580094899999998 0.001405239017352150 16.979258628160437183 0.534613472483533969
0.018063894700000006 0.001670274107118702 16.420219908238159690 0.565675581504620606
0.019543465599999994 0.001957979657916040 15.679987091080723971 0.598127361568863813
0.021018461300000013 0.002268288318091602 14.765184135939566801 0.634704263166312899
0.022488536500000017 0.002601127431491088 13.581128078305859219 0.676408988164691638
0.023953346900000009 0.002956419028491947 12.137019965958071310 0.730134838896328797
0.025412995300000008 0.003334198916576783 10.132289456123443117 0.803921233986647832
0.026870344499999990 0.003720725453835561 7.685936961068465578 0.849401332018732913
0.028328423099999996 0.004102675485425533 5.489445876246150213 0.858268024836070453
0.029787664600000010 0.004480165329401820 3.393830065604578117 0.863215336048302251
0.031248055199999999 0.004853191399943835 1.410377677900413573 0.864760451585856904
0.032709581199999949 0.005221750182774709 -0.497192277569751651 0.865754050595774483
0.034172228999999936 0.005585838233355511 -2.337589667882062905 0.866375748782166277
0.035635984899999890 0.005945452126278172 -4.122135686066727089 0.866988636830574033
0.037100835100000007 0.006300588456717937 -5.857262051019599625 0.867463035390603210
0.038566765999999968 0.006651243913157689 -7.548097490876398474 0.867699963716775824
0.040033763799999962 0.006997415180245770 -9.198202121966399858 0.867790885002869161
0.041501814699999882 0.007339098988088821 -10.810680578322870105 0.867883665038310492
0.042970905100000019 0.007676292157670295 -12.387728842947549168 0.867974262513124706
0.044441021199999937 0.008008991507593266 -13.931619384553707519 0.868096228359367394
0.045912149199999856 0.008337193901439499 -15.444348080168911252 0.868081865616148973
0.047384275299999959 0.008660896247612737 -16.926674501621246094 0.867950296190343140
0.048857385700000130 0.008980095499185325 -18.380070599234098694 0.867661478782913331
0.050331466800000058 0.009294788696124934 -19.805360356033901326 0.867211557922329623
0.051806504500000093 0.009604972815868140 -21.203404497842111454 0.866525345546828363
0.053282485199999924 0.009910644986659944 -22.574714141302585801 0.865615968724208096
0.054759395000000002 0.010211802317581176 -23.920356317213766317 0.864587941391752990
0.056237220099999902 0.010508441982842842 -25.240993618437293833 0.863413871711414926
0.057715946600000088 0.010800561180864365 -26.537159048155054109 0.862082713833888126
0.059195560699999851 0.011088157174282409 -27.808888081652717972 0.860635946603299340
0.060676048599999977 0.011371227269268314 -29.056295683045711087 0.859125773925571434
0.062157396299999966 0.011649768778107805 -30.279484485436942265 0.857651009769262451
0.063639590100000060 0.011923779113880317 -31.479211641828424462 0.856197534114394143
0.065122615900000014 0.012193255659498081 -32.655657500290800499 0.854679145894369108
0.066606460000000062 0.012458195915476755 -33.809068830969557951 0.853031578817620928
0.068091108500000067 0.012718597389208108 -34.939796275948658888 0.851246014652352390
0.069576547400000119 0.012974457615062052 -36.048161696694315026 0.849364606492729490
0.071062762800000068 0.013225774189345618 -37.134543277072545209 0.847361568491000083
0.072549740800000054 0.013472544752174465 -38.198671745217964713 0.845278580833104698
0.074037467499999940 0.013714766987358795 -39.240796549012536332 0.843072047242785394
0.075525929000000158 0.013952438622292229 -40.260868748241620096 0.840748431596393786
0.077015111299999911 0.014185557412345229 -41.258878413969604537 0.838292459032418336
0.078505000399999927 0.014414121157508064 -42.235238573222993352 0.835685763601161757
0.079995582500000079 0.014638127732027273 -43.189953764924780444 0.832953423221717060
0.081486843500000114 0.014857575008379587 -44.123294134838218383 0.830099395678748686
0.082978769499999910 0.015072460933093612 -45.035182032511123396 0.827145516633884581
0.084471346599999886 0.015282783495657537 -45.926190806385619680 0.824098490216860102
0.085964560700000137 0.015488540701176612 -46.796228868615450835 0.820984374102513015
0.087458397800000101 0.015689730613330677 -47.645259164904075533 0.817771499959474402
0.088952844100000039 0.015886351365724971 -48.473214710128466720 0.814533868339456624
0.090447885399999928 0.016078401082547600 -49.279918724795770402 0.811239177195297478
0.091943507799999921 0.016265877971357090 -50.065911824966853771 0.807898522249062001
0.093439697200000102 0.016448780257988571 -50.831292018799679511 0.804486651955624521
0.094936439800000022 0.016627106248369439 -51.576254663766277986 0.800956961152954117
0.096433721400000019 0.016800854243641916 -52.300922280165416112 0.797342456623660989
0.097931527999999893 0.016970022613118974 -53.005079181492625651 0.793718681482132982
0.099429845600000052 0.017134609769447806 -53.689489710039751458 0.790085148639670276
0.100928659999999906 0.017294614147493115 -54.353468310489894577 0.786423702253431722
0.102427957999999916 0.017450034329895114 -54.997440134301065484 0.782670548281887646
0.103927724000000068 0.017600868694855498 -55.621270482002266533 0.778829477419979987
0.105427945000000009 0.017747115932832347 -56.224658958334330805 0.774935141091515733
0.106928606999999856 0.017888774672056185 -56.807585904839555724 0.771022204157868041
0.108429696000000006 0.018025843583673207 -57.370155010335743384 0.767133492092929803
0.109931197999999938 0.018158321381682718 -57.912200804514952779 0.763256359280608976
0.111433097999999953 0.018286206739267841 -58.434722957035681645 0.759434289609113522
0.112935382999999973 0.018409498545722491 -58.937404780087625511 0.755569781578807498
0.114438037999999964 0.018528195565794603 -59.420784917108349532 0.751702991555152189
0.115941049000000018 0.018642296693537619 -59.884798685997722600 0.747717620392570836
0.117444403000000114 0.018751800936872232 -60.329303391220534536 0.743596863485343706
0.118948086000000022 0.018856707265712036 -60.753338085705287597 0.739362339109025712
0.120452081999999863 0.018957014562129615 -61.157697736604838212 0.735172121713756010
0.121956379000000031 0.019052722023541580 -61.542134291926977596 0.730974338862085959
0.123460961000000077 0.019143828629108017 -61.907267240728785396 0.726742478667531944
0.124965816000000035 0.019230333648678766 -62.252605549065258117 0.722509636859957061
0.126470928000000038 0.019312236158326224 -62.578486488584246672 0.718238408293507935
0.127976284000000051 0.019389535450368589 -62.884449496406368496 0.713780350067538594
0.129481869999999888 0.019462230800330438 -63.171373676919401419 0.709119086652832853
0.130987671000000055 0.019530321482241264 -63.438247587938271010 0.704326391055282053
0.132493673999999950 0.019593806905791156 -63.686513056715959635 0.699490022655166466
0.133999864000000107 0.019652686435423838 -63.914888318048106441 0.694644610100222160
0.135506227000000035 0.019706959524432632 -64.124913842078569814 0.689847801762493384
0.137012750000000016 0.019756625699621111 -64.314544601790188949 0.684958640334845215
0.138519417000000089 0.019801684432471711 -64.484668915617589846 0.680145881301990052
0.140026216000000120 0.019842135362243829 -64.634172413063723184 0.675474592354036951
0.141533130999999868 0.019877978056701884 -64.765220562597747289 0.670941369728660475
0.143040148999999922 0.019909212207669058 -64.875838523358126508 0.666400682311273806
0.144547254999999930 0.019935837504432341 -64.969249833415815942 0.661632538925799873
0.146054436000000121 0.019957853716633445 -65.039470582302143953 0.656836277096586096
0.147561678000000029 0.019975260633610048 -65.094189457695719625 0.651504937683542229
0.149068965000000081 0.019988058072719361 -65.112630599071124493 0.645060864575038195
0.150576284999999976 0.019996245933330548 -65.096127083948388758 0.640434406425292924
0.151756017000000049 0.019999438505979239 -65.110548986964488449 0.637913461837243956
0.152608149000000026 0.019999988135105395 -65.127418248065737316 0.635109245115644594
0.153460281000000004 0.019999064559974133 -65.132627863195736495 0.631103940761722493
0.154312410999999983 0.019996667779658250 -65.130890110529449544 0.627078548163190641
0.155164533999999882 0.019992797810069407 -65.119195567960943549 0.622878137708328894
0.156016650000000007 0.019987454652812486 -65.099611326300859560 0.618768141007788430
0.156868755000000054 0.019980638331737521 -65.071880480538851543 0.614672322899865176
0.157720846999999997 0.019972348863961820 -65.036823081488392972 0.610668377733512457
0.158572923999999948 0.019962586267224192 -64.994622182326679649 0.606769743882144663
0.159424981999999854 0.019951350587987193 -64.945664149364091600 0.602937855551945789
0.160277019999999937 0.019938641839827576 -64.890038087561435987 0.599166405360035292
0.161129033999999893 0.019924460082556494 -64.827990967128457100 0.595432501128126401
0.161981022000000030 0.019908805351964209 -64.759239115463898884 0.591770867860765715
0.162832982999999903 0.019891677663495810 -64.683894708161702169 0.588160814056884251
0.163684912000000043 0.019873077117094240 -64.602070827297524147 0.584682603330588302
0.164536807000000118 0.019853003760798460 -64.514016664644316279 0.581243910659644092
0.165388667000000017 0.019831457617114412 -64.419638825258672910 0.577902254048318298
0.166240488000000047 0.019808438785917704 -64.318854817387261846 0.574601860028959521
0.167092267999999933 0.019783947322313311 -64.211803553586889848 0.571459384533226089
0.167944004999999980 0.019757983282033098 -64.098347989004224701 0.568370681234262487
0.168795694999999885 0.019730546787594339 -63.978857532036663258 0.565401836626342913
0.169647336000000037 0.019701637906367198 -63.853395754980368793 0.562420052731060660
0.170498926000000134 0.019671256706350948 -63.721602546898672870 0.559492482425724136
0.171350462000000009 0.019639403294447022 -63.583358090645269556 0.556619672199298643
0.172201942000000024 0.019606077745108197 -63.438640031126787733 0.553890196861191009
0.173053362999999988 0.019571280175154249 -63.287801441830808358 0.551258779729967174
0.173904722000000123 0.019535010708964129 -63.130924390920604594 0.548675866373141474
0.174756017000000097 0.019497269433278619 -62.967904961492038751 0.546047929673920462
0.175607245999999995 0.019458056435472992 -62.798878219909752829 0.543404175025972158
0.176458405000000124 0.019417371900888547 -62.622993927773990208 0.540780694949831386
0.177309493000000012 0.019375215878170704 -62.440889478287424197 0.538324552142021240
0.178160505999999969 0.019331588566065760 -62.252445320187256073 0.536019460001030068
0.179011442999999937 0.019286490016230284 -62.057767612143457825 0.533942662124563205
0.179862300000000169 0.019239920440824620 -61.856662362596622984 0.531916466999156845
0.180713075999999945 0.019191879894521868 -61.648377868511040845 0.530035719156742413
0.181563766999999904 0.019142368602905857 -61.433890866415389098 0.528269689956655020
0.182414371000000047 0.019091386684475686 -61.212851306599326051 0.526618473924494235
0.183264886000000127 0.019038934258376827 -60.985310958854554997 0.525152423647110900
0.184115308000000116 0.018985011572951627 -60.751334514404582876 0.523989609623159547
0.184965635999999906 0.018929618693045436 -60.511362768840896820 0.522978258829060128
0.185815866999999940 0.018872755812705033 -60.266279308127224112 0.522061449140035605
0.186665998000000138 0.018814423133575120 -60.014773089864092981 0.521104506989021887
0.187516026000000058 0.018754620864902760 -59.756666364864727825 0.520272490518375652
0.188365950000000115 0.018693349077622323 -59.492504456245349331 0.519497566051405180
0.189215766999999924 0.018630607985770042 -59.221984773902470067 0.518811219202564122
0.190065473000000096 0.018566397887430253 -58.944705456626181217 0.518170425241506694
0.190915068000000049 0.018500718782556047 -58.660571250241012820 0.517493076402318564
0.191764546999999952 0.018433571057427045 -58.370427718674989137 0.516864475109963473
0.192613908999999944 0.018364954793241295 -58.073369375089860966 0.516515154572597446
0.193463150999999944 0.018294870231696458 -57.770885793082975113 0.516254340047205940
0.194312270000000120 0.018223317622121371 -57.462881615514064038 0.516060441319399654
0.195161264000000167 0.018150297134602256 -57.148219376489286958 0.516062417474691726
0.196010129999999949 0.018075809028520351 -56.826515300110493456 0.516201626791330748
0.196858866000000077 0.017999853480537897 -56.496644529110916721 0.516643174097742186
0.197707469999999969 0.017922430667994871 -56.160110836455856997 0.517280328037864945
0.198555937999999987 0.017843540956611559 -55.817482970406651077 0.517947290875751420
0.199404268000000107 0.017763184535551313 -55.468206089467621211 0.518443793014441212
0.200252458000000078 0.017681361594663436 -55.112515322244227889 0.519043390926168358
0.201100505000000013 0.017598072423569866 -54.751209422126933646 0.519587030945939499
0.201948406999999996 0.017513317218732172 -54.383205849732263459 0.519883882768843675
0.202796160000000059 0.017427096382460372 -54.007597487076829168 0.519915769294365337
0.203643763000000005 0.017339410018757606 -53.625475624901099536 0.519941820256940468
0.204491213000000005 0.017250258437482568 -53.237762962761046026 0.520059126430901797
0.205338506999999976 0.017159641956185356 -52.844177236978836731 0.520253960893738210
0.206185644000000057 0.017067560680970761 -52.445983325226791294 0.520222981638040149
0.207032619000000140 0.016974015156936251 -52.041985684898989462 0.520142110668430413
0.207879431999999892 0.016879005385527612 -51.630764626175754017 0.520345609137427667
0.208726078000000148 0.016782531929013134 -51.214100239808701076 0.520494376807317249
0.209572556000000132 0.016684594905090500 -50.791255565627643875 0.520566246176539238
0.210418864000000205 0.016585194543495663 -50.361427413632426919 0.520525560923878250
0.211264998000000037 0.016484331314845058 -49.923844700594699475 0.520452737272928734
0.212110957000000100 0.016382005338998751 -49.478632154039978275 0.520324439058549415
0.212956737000000118 0.016278217100296977 -49.028004233482739949 0.520011764575300739
0.213802336000000148 0.016172966847155634 -48.573856561400234000 0.519437597373977988
0.214647751000000026 0.016066254955827142 -48.115167921770925830 0.518518475447322102
0.215492980999999945 0.015958081552606973 -47.649522564750050435 0.517358678604983080
0.216338021999999852 0.015848447149351741 -47.178479969217612222 0.516457419442927890
0.217182871999999888 0.015737352007970606 -46.703663103587132355 0.515618517533255383
0.218027528000000109 0.015624796525254891 -46.223266552977911203 0.514629781407743181
0.218871987999999962 0.015510780969888005 -45.737674877905838855 0.513438935032966337
0.219716250000000113 0.015395305611305865 -45.246833484215386534 0.512078753846562207
0.220560311000000064 0.015278370859117540 -44.749497565202375426 0.510442029543846987
0.221404166999999930 0.015159977271919978 -44.245062233262274276 0.509020499840833862
0.222247817999999930 0.015040124851396386 -43.734555138413277575 0.507784194204564665
0.223091260000000097 0.014918814164727179 -43.216839321765924353 0.506413618225748818
0.223934490000000042 0.014796045647502476 -42.691704632803038066 0.504890329135124993
0.224777506999999932 0.014671819446666789 -42.159329905100200619 0.503336472537239343
0.225620307999999881 0.014546136002894672 -41.622054782522617700 0.501238388446716088
0.226462888999999973 0.014418995916486821 -41.081812199907375316 0.498767842407058348
0.227305249999999875 0.014290399188491010 -40.538528058436774870 0.496346604889956133
0.228147386000000091 0.014160346583173500 -39.991669507420809282 0.493868888413811380
0.228989295999999898 0.014028838258484777 -39.440087236754735045 0.490903953255746761
0.229830977000000047 0.013895874683808984 -38.882899103937397456 0.487943996595924578
0.230672426999999902 0.013761456175786724 -38.320786477267155590 0.484737867657757726
0.231513642999999991 0.013625583214269599 -37.755673338205063772 0.481333088087799510
0.232354621999999927 0.013488256287014055 -37.185378999040764825 0.477513931864133989
0.233195363000000100 0.013349475557777435 -36.609359324011926162 0.473302222227445779
0.234035861000000067 0.013209241854967246 -36.028694500602917117 0.468966944116864737
0.234876115999999940 0.013067555181578483 -35.441721623089797788 0.464555392304463521
0.235716123999999971 0.012924416212374501 -34.848522868465899194 0.460105307308110278
0.236555883999999994 0.012779825117967658 -34.248726878519121897 0.456214661603222271
0.237395390999999956 0.012633782762093593 -33.643349633706286284 0.452070934707593242
0.238234645000000134 0.012486289147531193 -33.032788710467613669 0.447679772220624050
0.239073641999999975 0.012337344977318698 -32.418634398924012885 0.443029749024101527
0.239912380000000092 0.012186950609204494 -31.798441344894055050 0.438270946736136813
0.240750855999999985 0.012035106583780431 -31.172239791356613381 0.433155705829968873
0.241589068000000073 0.011881813265866292 -30.542723376482197040 0.427923345116140330
0.242427013999999996 0.011727071021146562 -29.909578026984569021 0.422436542342676247
0.243264690000000117 0.011570880590874411 -29.274137095390511121 0.416666321564511333
0.244102094999999991 0.011413242164066195 -28.634019649599611768 0.410416020211265720
0.244939226000000065 0.011254156305321339 -27.990329910255439927 0.404051941887491939
0.245776079999999980 0.011093623587285995 -27.343884998236159589 0.397626784032891589
0.246612654999999958 0.010931644396147300 -26.693348307196618663 0.391235742406679798
0.247448947999999946 0.010768219315300254 -26.038048448604389051 0.384612064731208125
0.248284956999999890 0.010603348738109752 -25.376391275720344254 0.378124127624923756
0.249120679000000039 0.010437033258752226 -24.709569034321461345 0.371834676054835667
0.249956112999999897 0.010269273076093155 -24.039999349776266513 0.365746164825729747
0.250791254000000019 0.010100069196734784 -23.366850289263229712 0.359442231861776929
0.251626101999999963 0.009929421623269596 -22.689193570317954141 0.352875294265396267
0.252460652000000063 0.009757331380347734 -22.006953474056246023 0.346404937226671372
0.253294903999999932 0.009583798470621574 -21.321748560302832942 0.339671302399010944
0.254128853999999960 0.009408823726117010 -20.633015693682082770 0.332827857306932207
0.254962500000000092 0.009232407569193857 -19.940943198126706903 0.325885614414374469
0.255795838999999969 0.009054550637490943 -19.246204854471773871 0.318851028539392789
0.256628868999999871 0.008875253360692836 -18.546139694367390405 0.311804204358840042
0.257461586999999936 0.008694516387393492 -17.843014483449845642 0.304383683668097427
0.258293992000000083 0.008512339934871993 -17.139995446842334559 0.296779028675779655
0.259126078999999898 0.008328725100424872 -16.435851938759917346 0.288641136869237980
0.259957847999999991 0.008143671887141601 -15.727684677506827526 0.280762628553241467
0.260789294999999977 0.007957181185396289 -15.018190053932540806 0.273207342311372670
0.261620417999999966 0.007769253447033608 -14.306508592390910550 0.265867118691783644
0.262451213999999877 0.007579889353734603 -13.594727269780767287 0.258944213625904418
0.263281680999999934 0.007389089364797818 -12.883211726900057670 0.251789057631721658
0.264111817000000193 0.007196853940530268 -12.172179522257508211 0.244405422577256559
0.264941618999999851 0.007003183776554567 -11.460091798933520479 0.237222587460183515
0.265771084000000157 0.006808079576802961 -10.748061780214715810 0.229566820594939630
0.266600210000000004 0.006611541815580269 -10.038393233573772889 0.221418601398834125
0.267428994999999892 0.006413570968225313 -9.329493968211597377 0.213003775828813940
0.268257435000000044 0.006214167994336606 -8.621941266412420646 0.205265785753257046
0.269085529999999906 0.006013332895427326 -7.914897363050149792 0.197230148034601066
0.269913274999999953 0.005811066885783756 -7.206897051096583517 0.189283218979598156
0.270740669000000045 0.005607370214307628 -6.501954959646068843 0.181372631496140246
0.271567708999999990 0.005402243621518865 -5.803287664537215562 0.173416971937959574
0.272394392999999901 0.005195687605570654 -5.109683810832659212 0.164820968427054654
0.273220717999999918 0.004987702918311965 -4.416913963113399788 0.156656188932039420
0.274046682000000041 0.004778290065573954 -3.729916930233719174 0.148844070869530803
0.274872282000000190 0.004567449810578994 -3.045653698445660584 0.140542263411599450
0.275697515000000115 0.004355182925016909 -2.365110186979228590 0.132294446310702307
0.276522380000000123 0.004141489669089116 -1.690724276530557457 0.124301254769014310
0.277346873999999965 0.003926370820397762 -1.021206308470244961 0.116241462294161435
0.278170995000000032 0.003709826901367397 -0.352862821174000640 0.108467251665244568
0.278994739000000047 0.003491858966610195 0.304342456019000340 0.100687248200516069
0.279818454000000105 0.003272703901838397 0.961825647474132350 0.091094457120982700
0.280643228000000022 0.003058450288940279 1.625682258285378268 0.089155230360467019
0.281469799000000021 0.002851345115296791 2.261541928454708472 0.092848593942054941
0.282298129999999925 0.002651397295411972 2.884167557365377110 0.097985920337661195
0.283128160000000018 0.002458621554763993 3.480158348801999590 0.106286500269380801
0.283959826000000082 0.002273032527126045 4.042696499363009011 0.114365923879846093
0.284793065999999928 0.002094644040692109 4.573486209264217450 0.121406325579161062
0.285627818000000033 0.001923469369416883 5.075953164968571407 0.128916381589757795
0.286464019999999930 0.001759521238125242 5.551087549947914646 0.136544853080638295
0.287301608000000097 0.001602812192612532 5.993112651506097954 0.143325719227985204
0.288140520000000122 0.001453353820215872 6.401271690702939665 0.150003801074089865
0.288980694000000093 0.001311157173297064 6.785998363702119285 0.157142833433328161
0.289822067000000072 0.001176232929281901 7.146402612094241213 0.164545964008983248
0.290664574999999981 0.001048591350304814 7.482874722672020695 0.171236277416465077
0.291508155000000047 0.000928241966463614 7.798541143559858391 0.178488915005497434
0.292352745000000191 0.000815193623707841 8.091614813028042974 0.186792550469308233
0.293198280999999894 0.000709454893165512 8.363380188354145872 0.195037784643314172
0.294044699999999881 0.000611033650775944 8.611695179944902634 0.202902202740471493
0.294891939000000103 0.000519937227326184 8.841279553732293905 0.210997203071372319
0.295739935000000009 0.000436172411188693 9.047043238029013779 0.219652961431779009
0.296588622000000024 0.000359745707929029 9.228946032246913234 0.228701051153132551
0.297437940000000067 0.000290662519127155 9.386099141576321969 0.238583967906353944
0.298287823000000007 0.000228928225202374 9.523056107000549275 0.248550151268310204
0.299138208000000128 0.000174547389953830 9.631005039482538166 0.258124657688860670
0.299989031999999822 0.000127524045471242 9.716792142593687842 0.268071912418006153
0.300840230000000153 0.000087861778130013 9.770446936674241911 0.279533459818211982
0.301691739999999875 0.000055563475244283 9.801245594710485065 0.292790091770293026
0.302543497999999911 0.000030631580823975 9.788940720435942211 0.308074668350162950
0.303395438999999989 0.000013067993580557 9.753793296258001178 0.321889496573901090
0.304247505999999945 0.000002873955639540 9.665265488981882314 0.347757083156939539
0.305099631999999399 0.000000000000000000 9.441485923597385366 0.372319199287579339
0.305951765000001041 0.000000000000000000 9.226651163735633432 0.383401292600713151
0.306803897999999631 0.000000000000000000 9.004213847558444783 0.391350578813373096
0.307656031000001273 0.000000000000000000 8.788618557709547474 0.396952417614918229
0.308508162999999391 0.000000000000000000 8.574260990846582331 0.401893894508903005
0.309360296000001145 0.000000000000000000 8.363528677289171043 0.406210794444346546
0.310212428999999734 0.000000000000000000 8.154444253538033038 0.410234392001375237
0.311064562000001377 0.000000000000000000 7.948516017144899415 0.414341653461402615
0.311916694999999966 0.000000000000000000 7.744748418998579353 0.418154164141004536
0.312768827999998555 0.000000000000000000 7.543431879153672526 0.421549700749340284
0.313620961000000198 0.000000000000000000 7.344750190440091586 0.424607119267352728
0.314473093999998787 0.000000000000000000 7.149170906265435832 0.427561017634410900
0.315325227000000430 0.000000000000000000 6.956456740976546982 0.430370912291568986
0.316177359999999019 0.000000000000000000 6.766292557752017878 0.432872471376325008
0.317029492000000246 0.000000000000000000 6.578490046995733920 0.435377082754994871
0.317881624999998835 0.000000000000000000 6.392547493793216518 0.437879198338459508
0.318733758000000478 0.000000000000000000 6.208569973077058712 0.440050253241403733
0.319585890999999067 0.000000000000000000 6.026737593752759636 0.441743894155717409
0.320438024000000710 0.000000000000000000 5.847606524128447170 0.443107601971435727
0.321290156999999299 0.000000000000000000 5.671498903935691338 0.444345021308931332
0.322142290000000941 0.000000000000000000 5.498161478201292418 0.445627583284626927
0.322994422999999586 0.000000000000000000 5.327247056117160540 0.446880311553254972
0.323846556000001229 0.000000000000000000 5.158977311786524744 0.448040340763701250
0.324698688999999874 0.000000000000000000 4.993648334193413696 0.449164271973015894
0.325550822000001516 0.000000000000000000 4.831412352893024398 0.450215568967072821
0.326402953999999690 0.000000000000000000 4.672262287425773764 0.451249935529810853
0.327255087000001332 0.000000000000000000 4.515680003900736317 0.452370321550081500
0.328107219999999922 0.000000000000000000 4.361910669340473667 0.453634770289511047
0.328959353000001564 0.000000000000000000 4.210390473884237927 0.454840864344392637
0.329811486000000154 0.000000000000000000 4.060907110619384142 0.455979576047299717
0.330663618999998743 0.000000000000000000 3.913821460437308275 0.457055305358086306
0.331515752000000385 0.000000000000000000 3.769347299584473010 0.458116901960758993
0.332367884999998975 0.000000000000000000 3.627295512602223493 0.459077581167262438
0.333220018000000617 0.000000000000000000 3.487630135317612456 0.460066082559085487
0.334072150999999262 0.000000000000000000 3.350154882532792477 0.461071124373699959
0.334924284000000905 0.000000000000000000 3.214849763044210995 0.462154421630290246
0.335776415999999023 0.000000000000000000 3.081687525912709891 0.463150942058033699
0.336628549000000665 0.000000000000000000 2.950305639225773380 0.464000714679089155
0.337480681999999255 0.000000000000000000 2.821196305839687835 0.464649250381419854
0.338332815000000897 0.000000000000000000 2.694515910004713355 0.465180985903608402
0.339184947999999542 0.000000000000000000 2.570059838038740718 0.465723517200958392
0.340037081000001185 0.000000000000000000 2.447339652143503574 0.466263042505973835
0.340889213999999829 0.000000000000000000 2.326466936256493145 0.466843271649447777
0.341741347000001472 0.000000000000000000 2.207220236866771934 0.467481397362283779
0.342593480000000061 0.000000000000000000 2.089737247505664808 0.467979128060091176
0.343445612999998651 0.000000000000000000 1.974308567569049488 0.468531430091895962
0.344297744999999877 0.000000000000000000 1.860641244784927650 0.469203514809773348
0.345149878000001520 0.000000000000000000 1.748463330593772680 0.469877566357459642
0.346002011000000109 0.000000000000000000 1.638293523628922665 0.470451719300112148
0.346854143999998699 0.000000000000000000 1.529903609110775831 0.470962940316429102
0.347706277000000341 0.000000000000000000 1.423513866230124325 0.471327596132186721
0.348558409999998930 0.000000000000000000 1.318803033844965444 0.471577387278063476
0.349410543000000573 0.000000000000000000 1.215795214973653282 0.471750021720709789
0.350262675999999162 0.000000000000000000 1.114671100468360487 0.471954735669689041
0.351114809000000805 0.000000000000000000 1.014974709970148270 0.472145122274488793
0.351966941999999450 0.000000000000000000 0.916484677097166744 0.472418228744903745
0.352819075000001092 0.000000000000000000 0.819432121800571123 0.472670224113117543
0.353671206999999210 0.000000000000000000 0.723753166800250924 0.472999220864104841
0.354523340000000853 0.000000000000000000 0.629231003145214074 0.473282000493529031
0.355375472999999442 0.000000000000000000 0.536009383910762249 0.473617397960429010
0.356227606000001085 0.000000000000000000 0.444140936298966227 0.473995682764829007
0.357079738999999785 0.000000000000000000 0.353298395863492543 0.474434402664191401
0.357931872000001428 0.000000000000000000 0.263696946275422617 0.474716444140226179
0.358784005000000017 0.000000000000000000 0.175781030622083306 0.474911348469244654
0.359636137999998606 0.000000000000000000 0.089926556074538769 0.475033489499027295
0.360488271000000249 0.000000000000000000 0.005275630624236238 0.475155832796001487
0.361340403999998838 0.000000000000000000 -0.078237386769987330 0.475162504368003669
0.362192537000000481 0.000000000000000000 -0.160437661281515098 0.475099824751061550
0.363044668999998654 0.000000000000000000 -0.241492106680520568 0.474892586385267323
0.363896802000000297 0.000000000000000000 -0.321486515849837895 0.474604283267491933
0.364748934999998886 0.000000000000000000 -0.400612186189647779 0.474121745841361408
0.365601068000000529 0.000000000000000000 -0.478470408646805734 0.473615929949486703
0.366453200999999118 0.000000000000000000 -0.555230215590126974 0.473029423719551811
0.367305334000000760 0.000000000000000000 -0.630607727967164466 0.472537694918468809
0.368157466999999350 0.000000000000000000 -0.704881323316530306 0.472111623105055556
0.369009600000001048 0.000000000000000000 -0.777854599399352531 0.471835933117329687
0.369861732999999637 0.000000000000000000 -0.849543204520070705 0.471606278472668949
0.370713866000001280 0.000000000000000000 -0.920050611400663354 0.471452313308823867
0.371565997999999398 0.000000000000000000 -0.989361726247790729 0.471291850935402934
0.372418131000001040 0.000000000000000000 -1.057381252527061610 0.471242146545754248
0.373270263999999741 0.000000000000000000 -1.124311755963632198 0.471151557210373439
0.374122397000001383 0.000000000000000000 -1.190058210012478357 0.471179842202944010
0.374974529999999973 0.000000000000000000 -1.254443482493626805 0.471176696745431944
0.375826662999998562 0.000000000000000000 -1.317636895120022800 0.471232676631452241
0.376678796000000204 0.000000000000000000 -1.379702986753229776 0.471209230124536360
0.377530928999998794 0.000000000000000000 -1.440718457571384947 0.471281965799230262
0.378383062000000436 0.000000000000000000 -1.500737625093706340 0.471336061149085717
0.379235194999999026 0.000000000000000000 -1.559861919429000876 0.471425535056298195
0.380087328000000668 0.000000000000000000 -1.618178049520974326 0.471435169583954428
0.380939459999998842 0.000000000000000000 -1.675891793792260831 0.471493431528491491
0.381791593000000484 0.000000000000000000 -1.733287223279023959 0.471481307005546302
0.382643725999999074 0.000000000000000000 -1.790554829649286361 0.471504431825644277
0.383495859000000716 0.000000000000000000 -1.847379772007669230 0.471453753232531303
0.384347991999999306 0.000000000000000000 -1.903775632194076639 0.471464370741726480
0.385200125000000948 0.000000000000000000 -1.959889005373124604 0.471411117077024100
0.386052257999999593 0.000000000000000000 -2.015359820556366977 0.471360724426300060
0.386904391000001235 0.000000000000000000 -2.070108554505282417 0.471213059092407904
0.387756523999999825 0.000000000000000000 -2.123770975215071743 0.471075910538154341
0.388608657000001523 0.000000000000000000 -2.176309722883518649 0.470854682741729647
0.389460790000000112 0.000000000000000000 -2.227760899578186571 0.470632315607145413
0.390312922000001339 0.000000000000000000 -2.278555872051567732 0.470295829600229587
0.391165054999999928 0.000000000000000000 -2.328363328688781042 0.469972858675508698
0.392017188000001571 0.000000000000000000 -2.377706852695327555 0.469545028692420263
0.392869321000000160 0.000000000000000000 -2.426256688723763766 0.469180025461679029
0.393721453999998749 0.000000000000000000 -2.474327405203692543 0.468770283892518846
0.394573587000000392 0.000000000000000000 -2.521482974204981353 0.468441789179676882
0.395425719999998981 0.000000000000000000 -2.567889124099181686 0.468151897725504917
0.396277853000000624 0.000000000000000000 -2.613891425171735783 0.467995971694686208
0.397129985999999213 0.000000000000000000 -2.659478700136819640 0.467789852621497360
0.397982119000000911 0.000000000000000000 -2.704505054251152174 0.467721639930049560
0.398834251999999501 0.000000000000000000 -2.749132686669828907 0.467646344784889978
0.399686384000000672 0.000000000000000000 -2.793159689208737362 0.467637415429302927
0.400538516999999261 0.000000000000000000 -2.836667104163131725 0.467489508128116404
0.401390650000000904 0.000000000000000000 -2.879406802838629709 0.467328628225890996
0.402242782999999493 0.000000000000000000 -2.921277488785201992 0.467037749769338151
0.403094916000001191 0.000000000000000000 -2.962143068661925671 0.466853472261964331
0.403947048999999780 0.000000000000000000 -3.002293313649616824 0.466707922874379455
0.404799182000001478 0.000000000000000000 -3.041894181249130913 0.466745480799152679
0.405651315000000068 0.000000000000000000 -3.081124887309225624 0.466772660366782721
0.406503447999998657 0.000000000000000000 -3.119642030647975073 0.466941309198203813
0.407355581000000300 0.000000000000000000 -3.157923451052589314 0.467074376937885283
0.408207713000001526 0.000000000000000000 -3.195865682252673867 0.467307685210475721
0.409059846000000116 0.000000000000000000 -3.233601266215755832 0.467425482370157186
0.409911978999998705 0.000000000000000000 -3.271098173523270258 0.467555023115588275
0.410764112000000348 0.000000000000000000 -3.308128844460360707 0.467607577447240685
0.411616244999998937 0.000000000000000000 -3.344694479218659477 0.467679467748294164
0.412468378000000579 0.000000000000000000 -3.380797307963742782 0.467652736090602095
0.413320510999999169 0.000000000000000000 -3.416539637438906318 0.467654736644643354
0.414172644000000811 0.000000000000000000 -3.451976418266595292 0.467534916767419206
0.415024776999999456 0.000000000000000000 -3.486431353816706658 0.467502127905260911
0.415876910000001099 0.000000000000000000 -3.520514642657840199 0.467410292206974332
0.416729042999999688 0.000000000000000000 -3.553555823722803986 0.467572318172654544
0.417581175000000859 0.000000000000000000 -3.586608645350075175 0.467624741041710257
0.418433307999999449 0.000000000000000000 -3.618857623280653080 0.467894333714312161
0.419285441000001091 0.000000000000000000 -3.651005974684132571 0.467978382816467475
0.420137573999999736 0.000000000000000000 -3.682498131445960610 0.468225981730845064
0.420989707000001434 0.000000000000000000 -3.714091107044474427 0.468253587540187866
0.421841840000000023 0.000000000000000000 -3.745252728663350794 0.468585098411510914
0.422693972999998613 0.000000000000000000 -3.776349169585000887 0.468652163664467436
0.423546106000000255 0.000000000000000000 -3.807189260593883517 0.468968738650059336
0.424398238999998845 0.000000000000000000 -3.838220315866188059 0.468995284013136615
0.425250372000000487 0.000000000000000000 -3.869095251533841928 0.469224460099537832
0.426102504999999077 0.000000000000000000 -3.899899135815968254 0.469160938308686215
0.426954637000000303 0.000000000000000000 -3.929943507703008709 0.469293548786878623
0.427806769999998893 0.000000000000000000 -3.960213682907845367 0.469134444284641516
0.428658903000000535 0.000000000000000000 -3.989441047047803224 0.469232577857853717
0.429511035999999125 0.000000000000000000 -4.019107625813472140 0.469077899890814942
0.430363169000000767 0.000000000000000000 -4.047718056248371887 0.469194857587560021
0.431215301999999356 0.000000000000000000 -4.076218637637606612 0.469132147185443715
0.432067435000000999 0.000000000000000000 -4.104130157634020115 0.469296762931041112
0.432919567999999644 0.000000000000000000 -4.131507469695171686 0.469139263532823536
0.433771701000001286 0.000000000000000000 -4.158373306951313353 0.469213321054051946
0.434623833999999876 0.000000000000000000 -4.184656304234934510 0.469024503085481659
0.435475966000001047 0.000000000000000000 -4.210389972093721234 0.469125840636711255
0.436328098999999636 0.000000000000000000 -4.236285304798452778 0.468991802531936286
0.437180232000001390 0.000000000000000000 -4.261779184828988321 0.469089864244836396
0.438032364999999979 0.000000000000000000 -4.287668423776752391 0.468889034584503039
0.438884497999998568 0.000000000000000000 -4.313072312241245321 0.468861964198666659
0.439736631000000211 0.000000000000000000 -4.338085507527879692 0.468634149306997427
0.440588763999998800 0.000000000000000000 -4.362506018559388465 0.468583853169487474
0.441440897000000443 0.000000000000000000 -4.387107596655625663 0.468381041814615540
0.442293029999999032 0.000000000000000000 -4.410685776332588404 0.468378039777953614
0.443145163000000675 0.000000000000000000 -4.434608037215354237 0.468261568133743145
0.443997295999999320 0.000000000000000000 -4.457458824303212275 0.468390132323157571
0.444849428000000491 0.000000000000000000 -4.480688544749919622 0.468357415197491245
0.445701560999999080 0.000000000000000000 -4.503851818227778026 0.468435436583519493
0.446553694000000723 0.000000000000000000 -4.526974015460436540 0.468187657949938774
0.447405826999999312 0.000000000000000000 -4.549318849393902298 0.468116204343479170
0.448257960000000955 0.000000000000000000 -4.571907594961267307 0.467718582904967706
0.449110092999999599 0.000000000000000000 -4.593100934697702087 0.467631587041307806
0.449962226000001242 0.000000000000000000 -4.615024294059479892 0.467254375612422446
0.450814358999999831 0.000000000000000000 -4.636087023787041517 0.467204843147933313
0.451666492000001474 0.000000000000000000 -4.657681318577916230 0.466769198266425933
0.452518625000000119 0.000000000000000000 -4.679143619721457981 0.466684526233711539
0.453370757999998708 0.000000000000000000 -4.701645025783391496 0.466106076687018922
0.454222889999999935 0.000000000000000000 -4.723853153735303678 0.465970836657123078
0.455075023000001577 0.000000000000000000 -4.746355550866077522 0.465244019563081035
0.455927156000000167 0.000000000000000000 -4.768414990404948206 0.465061433982516981
0.456779288999998756 0.000000000000000000 -4.790859895898256227 0.464315915410362712
0.457631422000000398 0.000000000000000000 -4.812511348929143118 0.464132463713313348
0.458483554999998988 0.000000000000000000 -4.834662775596242135 0.463310292339868424
0.459335688000000630 0.000000000000000000 -4.855843097453195867 0.463038076508506535
0.460187820999999220 0.000000000000000000 -4.876835929131396519 0.462192685619925492
0.461039954000000862 0.000000000000000000 -4.897431813041140281 0.461930940755379438
0.461892086999999507 0.000000000000000000 -4.918191125753390125 0.461212735598585943
0.462744219000000678 0.000000000000000000 -4.938211345685894038 0.460887272247826385
0.463596351999999268 0.000000000000000000 -4.958864076139035681 0.460183087450204087
0.464448485000000910 0.000000000000000000 -4.978751430677236911 0.459911722108136301
0.465300617999999500 0.000000000000000000 -4.998957026751596366 0.459326646320023457
0.466152751000001142 0.000000000000000000 -5.018221062398263044 0.459135107011189536
0.467004883999999787 0.000000000000000000 -5.037881492540488004 0.458551422681640453
0.467857017000001429 0.000000000000000000 -5.055770022976810552 0.458459930742436239
0.468709150000000074 0.000000000000000000 -5.074403310560552605 0.458037896993650495
0.469561282999998664 0.000000000000000000 -5.091175514168572391 0.458108597256153216
0.470413416000000306 0.000000000000000000 -5.109346736955359347 0.457977287314690840
0.471265548999998896 0.000000000000000000 -5.126080436541913699 0.458219394855309603
0.472117681000000122 0.000000000000000000 -5.143691553457421684 0.458052304487458872
0.472969813999998712 0.000000000000000000 -5.160761336334685367 0.458515078627209027
0.473821947000000354 0.000000000000000000 -5.179469845052742549 0.458159435588083030
0.474674079999998944 0.000000000000000000 -5.194856900926684062 0.458490066019082709
0.475526213000000586 0.000000000000000000 -5.212733159131195393 0.458178567113695701
0.476378345999999175 0.000000000000000000 -5.227473411659594227 0.458539781891262266
0.477230479000000818 0.000000000000000000 -5.243897886103447981 0.458182004313513136
0.478082611999999407 0.000000000000000000 -5.257644995853764769 0.458573123374658220
0.478934745000001105 0.000000000000000000 -5.273752837332426502 0.458125900667706920
0.479786877999999695 0.000000000000000000 -5.287512471832495287 0.458556276501233595
0.480639011000001337 0.000000000000000000 -5.303471445081147095 0.458009865118547688
0.481491142999999455 0.000000000000000000 -5.317253264417355574 0.458442380228383795
0.482343276000001098 0.000000000000000000 -5.334016025585726517 0.457587002392291331
0.483195408999999687 0.000000000000000000 -5.347355476647165595 0.457784028506634855
0.484047542000001385 0.000000000000000000 -5.364230795330861667 0.456916382081587413
0.484899675000000030 0.000000000000000000 -5.378281739788220328 0.457280986395390776
0.485751807999998619 0.000000000000000000 -5.395180743661687650 0.456265134664246452
0.486603941000000262 0.000000000000000000 -5.409225721073954496 0.456805299875978399
0.487456073999998851 0.000000000000000000 -5.426355360872737954 0.455943675908033530
0.488308207000000494 0.000000000000000000 -5.439158793460545205 0.456741813979439082
0.489160339999999083 0.000000000000000000 -5.457971759244118815 0.456142924413441453
0.490012473000000726 0.000000000000000000 -5.470746638238081161 0.456914319989782491
0.490864604999998899 0.000000000000000000 -5.489209221643434056 0.456096804072276374
0.491716738000000542 0.000000000000000000 -5.501659964548597515 0.457164904290500884
0.492568870999999131 0.000000000000000000 -5.520597734696534253 0.456260424474040693
0.493421004000000774 0.000000000000000000 -5.531814412642520828 0.457686923949354119
0.494273136999999363 0.000000000000000000 -5.552300708880807179 0.456668597178883362
0.495125270000001005 0.000000000000000000 -5.561838309124252255 0.458363531435423410
0.495977402999999650 0.000000000000000000 -5.584344381016791203 0.457252492644934172
0.496829536000001293 0.000000000000000000 -5.593186070453737280 0.459433182590360090
0.497681668999999882 0.000000000000000000 -5.617453766914001001 0.457564322849359828
0.498533802000001525 0.000000000000000000 -5.625259944070145401 0.460430531858721737
0.499385933999999643 0.000000000000000000 -5.654618977629072063 0.457834261196972403
0.500238067000001285 0.000000000000000000 -5.659549965081226652 0.461904134558988266
0.501090199999999930 0.000000000000000000 -5.698070924354324163 0.458450212963173953
0.501942332999998575 0.000000000000000000 -5.699404064864797448 0.464142299621882304
0.502794466000000217 0.000000000000000000 -5.755692936706721774 0.459888880675857536
0.503646598999998862 0.000000000000000000 -5.753420242272422769 0.467191517462327399
0.504498732000000505 0.000000000000000000 -5.826437036853971740 0.463550752013489331
0.505350864999999039 0.000000000000000000 -5.843719861773466029 0.469724233860211893
0.506202998000000681 0.000000000000000000 -5.901891981892950056 0.474894745387807293
0.507055130999999326 0.000000000000000000 -6.044145486624574737 0.473067577947401563
0.507907264000000969 0.000000000000000000 -6.004656771395379344 0.494178115667948614
