-0.100897595999999881 0.000000000000000000 0.000000000000000000 0.501732032569136566
-0.099359448200000047 0.000000000000000000 0.316551808735432316 0.498429347485098373
-0.097821300399999922 0.000000000000000000 0.266920757398770248 0.511628840786538919
-0.096283152500000066 0.000000000000000000 0.318196156031014865 0.508514277909202339
-0.094745004599999905 0.000000000000000000 0.298790891315281026 0.508668371961523591
-0.093206856800000085 0.000000000000000000 0.326485616632400943 0.504653116137330549
-0.091668708899999923 0.000000000000000000 0.347398122533120080 0.502294038545122001
-0.090130561000000081 0.000000000000000000 0.387379658318133202 0.498716537807476823
-0.088592413199999942 0.000000000000000000 0.431808393947433533 0.495780214346704606
-0.087054265300000086 0.000000000000000000 0.491717559019584471 0.492471766987199577
-0.085516117399999911 0.000000000000000000 0.561256971539505711 0.489688780650576638
-0.083977969600000105 0.000000000000000000 0.641119969790163946 0.486549238980580279
-0.082439821699999957 0.000000000000000000 0.735887063062159563 0.484188287285540087
-0.080901673900000123 0.000000000000000000 0.835346436528069280 0.481298443122098241
-0.079363525999999962 0.000000000000000000 0.949024858657601000 0.478798918563251852
-0.077825378100000092 0.000000000000000000 1.065768345595424327 0.476092881012634916
-0.076287230299999981 0.000000000000000000 1.194935564035757070 0.473387845707098798
-0.074749082400000125 0.000000000000000000 1.332270405083539888 0.470655068046551384
-0.073210934599999999 0.000000000000000000 1.479376116133318320 0.468284574589932223
-0.071672786700000143 0.000000000000000000 1.633958040468499240 0.465357006024569975
-0.070134638799999982 0.000000000000000000 1.802117260551988842 0.462649953045464357
-0.068596490999999857 0.000000000000000000 1.976434103810237097 0.459627790341637421
-0.067058343100000001 0.000000000000000000 2.162077892247127764 0.456777253794339311
-0.065520195200000131 0.000000000000000000 2.357893132004249104 0.453516630400394083
-0.063982047400000019 0.000000000000000000 2.568686144617950085 0.450663083931153563
-0.062443899499999851 0.000000000000000000 2.783980186164039861 0.447714978878890613
-0.060905751700000038 0.000000000000000000 3.012596576734415166 0.444623184680726424
-0.059367603799999877 0.000000000000000000 3.248116274636049905 0.441169148735326755
-0.057829455900000014 0.000000000000000000 3.495320288355000748 0.437849805177390639
-0.056291308099999895 0.000000000000000000 3.749556824371280239 0.434252826535315772
-0.054753160200000033 0.000000000000000000 4.017961549650587827 0.430648644755652676
-0.053215012399999914 0.000000000000000000 4.298509677580407029 0.426792030411390133
-0.051676864500000058 0.000000000000000000 4.596619358954478152 0.423671826776609584
-0.050138716599999890 0.000000000000000000 4.899635711494899404 0.419459568884915368
-0.048600568800000077 0.000000000000000000 5.220722558177344652 0.416310669408437861
-0.047062420899999909 0.000000000000000000 5.549452498028235148 0.412241712035669339
-0.045524273100000096 0.000000000000000000 5.893603993610081915 0.408694055210338247
-0.043986125199999934 0.000000000000000000 6.244546786454803211 0.404011043295664674
-0.042447977300000071 0.000000000000000000 6.615569405558028748 0.399819086687976277
-0.040909829499999953 0.000000000000000000 6.999222683491145958 0.394688029931477669
-0.039371681600000090 0.000000000000000000 7.399371107072397535 0.390174450397362926
-0.037833533699999922 0.000000000000000000 7.811600296163481616 0.384681604319680570
-0.036295385900000109 0.000000000000000000 8.238683807870797793 0.379074798495908305
-0.034757237999999940 0.000000000000000000 8.674048827125798056 0.373332380333232905
-0.033219090200000127 0.000000000000000000 9.131282260594185018 0.367112002931145598
-0.031680942299999966 0.000000000000000000 9.599315697949343473 0.360680433803480638
-0.030142794400000013 0.000000000000000000 10.095094407217780841 0.354602933278794552
-0.028604646600000016 0.000000000000000000 10.599157123862946506 0.348042286297668202
-0.027066498700000000 0.000000000000000000 11.125072460702345012 0.341602691943161230
-0.025528350900000003 0.000000000000000000 11.663012989426860599 0.334247701450008539
-0.023990202999999991 0.000000000000000000 12.229351649493738208 0.327328259533685051
-0.022452055100000010 0.000000000000000000 12.808223809366156232 0.320356504360206296
-0.020913907300000010 0.000000000000000000 13.410007167993645893 0.312707881936094223
-0.019375759399999998 0.000000000000000000 14.023690012163648078 0.304121426325557276
-0.017837611499999986 0.000000000000000000 14.671758857728312009 0.295544782615844381
-0.016299463699999989 0.000000000000000000 15.322541591642947267 0.286867453206842149
-0.014761315800000006 0.000000000000000000 16.005987076031708227 0.277854536543341357
-0.013223168000000009 0.000000000000000000 16.705374899105109421 0.267355653328624321
-0.011685020099999997 0.000000000000000000 17.441610302531923793 0.256807428258124804
-0.010146872200000014 0.000000000000000000 18.186257709015620776 0.245325787282601626
-0.008608724370000003 0.000000000000000000 18.974297799051679903 0.234181409854678502
-0.007070576510000010 0.000000000000000000 19.761186733436371554 0.221558050493135400
-0.005532428650000014 0.000000000000000000 20.611069352184628656 0.209607472627949903
-0.003994280789999989 0.000000000000000000 21.460517729898288763 0.194696332135510880
-0.002456132920000000 0.000000000000000000 22.375814911545170105 0.180378613816985195
-0.000917985063000000 0.000000000000000000 23.291502895460357792 0.163490962034928716
0.000620146182999999 0.000001951911375156 24.278547531436856843 0.143059180284939136
0.002158085050000000 0.000023640511378029 25.290169771392591258 0.142177083159965634
0.003695491409999992 0.000069336975981438 26.227339146973562833 0.160551441907944598
0.005231996910000001 0.000139030203846272 27.101493722585583868 0.172042222587031668
0.006767226999999994 0.000232703202812407 27.929152327737245542 0.192144631627639367
0.008300807430000010 0.000350333133504410 28.624759706082496535 0.200718235125510486
0.009832364359999997 0.000491891315913665 29.315000913917423020 0.217896523800864661
0.011361524399999984 0.000657343231057261 29.854188055791691880 0.221948374503061180
0.012887914900000004 0.000846648552203164 30.441584632176969194 0.235488396190140004
0.014411163699999991 0.001059761116644922 30.890595263025474537 0.231221220351026380
0.015930899399999993 0.001296628951586110 31.469374383117514782 0.244550783226441887
0.017446751699999988 0.001557194331149661 31.823650507099973339 0.228181272842595734
0.018958350899999997 0.001841393694284529 32.505587923326800137 0.241411485622136462
0.020465328600000002 0.002149157761715051 32.782716593968963537 0.200351599029352317
0.021967317399999992 0.002480411484988093 33.860017783725638196 0.213131203345424847
0.023463951300000011 0.002835074130509346 34.055701818949906112 0.132806146651650914
0.024935105100000007 0.003207887156036704 35.957702499183220368 0.049496382573741997
0.026299761800000012 0.003924380984503179 37.171858672937446499 0.339572209135158898
0.027583491400000007 0.004770360727523737 33.254342642831247190 0.604893485038072720
0.028872909299999992 0.005607683217145082 30.547881721786080078 0.657319803010917414
0.030167956900000011 0.006436309901742016 26.925076506120710462 0.732999060443820460
0.031468575200000119 0.007256202545039142 23.613117279718260022 0.772574748397618527
0.032774704899999993 0.008067323294208451 20.094304382934165432 0.815169882654683819
0.034086286699999899 0.008869634863800241 16.609433415977868265 0.850998816864095398
0.035403260599999972 0.009663100105320399 13.054073669060912266 0.885012730691001059
0.036725566899999888 0.010447682616446352 9.477445096106212219 0.916444070273712552
0.038053145199999909 0.011223346136136680 5.865656775129011180 0.946492108229184503
0.039385935200000062 0.011990055021692952 2.223935316969097631 0.974010219494363727
0.040723876100000105 0.012747773896110925 -1.438089997361282624 1.000935884463900249
0.042066906900000062 0.013496467825463848 -5.123719890436974289 1.025968905030851586
0.043414966599999924 0.014236102425944530 -8.824342522303751934 1.049867479570393503
0.044767993800000121 0.014966643639279853 -12.537089303621026914 1.072667593311127820
0.046125926800000029 0.015688057792705712 -16.258226691165802436 1.094351445325985051
0.047488703799999900 0.016400311705601162 -19.987455134453263383 1.114923211815351811
0.048856262699999854 0.017103372582021742 -23.714110520025268869 1.134690516428198404
0.050228541400000014 0.017797208164318734 -27.441059586703559603 1.153272066086928449
0.051605477099999852 0.018481786378707898 -31.163754723821782022 1.170887035000528043
0.052987007399999973 0.019157075888551145 -34.872321839029680746 1.187962243047795630
0.054373069200000027 0.019823045544677453 -38.576086010337803600 1.203650642238903501
0.055763599500000059 0.020479664780100520 -42.260386788735694097 1.219187591930971593
0.057158534899999877 0.021126903367284094 -45.928434124198382449 1.233343232521191712
0.058557811899999888 0.021764731561598971 -49.575891825324070794 1.246918939678951066
0.059961366800000110 0.022393120052722371 -53.200796152551546925 1.259528808741535277
0.061369135700000133 0.023012039964623615 -56.799675620085729122 1.271344069268503185
0.062781054500000100 0.023621462855670572 -60.372533228894489810 1.282007676785003714
0.064197058799999998 0.024221360676884157 -63.909933196857672044 1.292333253581382735
0.065617084100000084 0.024811705858586136 -67.420551543782636372 1.301346229755932393
0.067041066000000052 0.025392471387661486 -70.892940198126979112 1.310059012495595754
0.068468939399999901 0.025963630479513639 -74.328235785122686252 1.317624191609032769
0.069900639299999928 0.026525156908966202 -77.726164458790407252 1.324896314312637546
0.071336100600000146 0.027077024923238491 -81.083720218974832505 1.331116502161732384
0.072775257900000098 0.027619209164445380 -84.397570205699821599 1.336828015457521168
0.074218045699999888 0.028151684747542371 -87.668616037455109335 1.341954271258383624
0.075664398200000108 0.028674427186122869 -90.893373254880103218 1.345961133704420165
0.077114249700000151 0.029187412537490159 -94.071158414739954878 1.350014735525156384
0.078567534000000133 0.029690617187175805 -97.199188358786074105 1.352454998162217148
0.080024184999999901 0.030184018062724888 -100.279161192369301148 1.355216160847598106
0.081484136300000051 0.030667592493004769 -103.305844564036050315 1.356391271391337305
0.082947321499999990 0.031141318309662075 -106.280147180555815112 1.357711574367140628
0.084413673999999980 0.031605173778962881 -109.198857634806046235 1.357781051368651903
0.085883127000000101 0.032059137603728416 -112.065162651681319517 1.357873412102729827
0.087355613500000109 0.032503188925360332 -114.871771947571588157 1.356574859008446543
0.088831066500000083 0.032937307384069470 -117.622653662270650443 1.355515544249236370
0.090309418899999966 0.033361473085457394 -120.314136603226188527 1.353113691850937217
0.091790603199999946 0.033775666516430436 -122.947793512228201962 1.350609538639585772
0.093274552099999880 0.034179868716162271 -125.518598605425140136 1.347195094695211370
0.094761197999999880 0.034574061133385792 -128.030276843199999348 1.343358550961207376
0.096250473099999914 0.034958225658109993 -130.477016311927144443 1.338922439318638302
0.097742309700000043 0.035332344698524559 -132.863667038444020818 1.333914075027107016
0.099236639899999882 0.035696401101102032 -135.183443655087643265 1.328330448255908180
0.100733394999999934 0.036050378013819689 -137.438954006233444716 1.322367991807502419
0.102232507999999972 0.036394259475125923 -139.630890888621252088 1.315588557263264402
0.103733910000000054 0.036728029562185988 -141.752644984855294297 1.308640793508608846
0.105237533000000105 0.037051673047154482 -143.812386519686839392 1.300587696895026291
0.106743307999999870 0.037365174972828707 -145.798778501046541578 1.292791866059638028
0.108251166000000024 0.037668520881917328 -147.720910290527768893 1.283498997069494330
0.109761040000000018 0.037961697194871608 -149.570256473903668848 1.274699382154144578
0.111272860000000029 0.038244690218235150 -151.352816849502090690 1.264359274025969926
0.112786556999999871 0.038517486953109997 -153.062400417258515972 1.254558603076667112
0.114302061999999857 0.038780074887364679 -154.702362989180159047 1.243213043099348436
0.115819306999999913 0.039032442155534031 -156.270368606626732344 1.232154163143010850
0.117338221999999964 0.039274577033543145 -157.766548223889174096 1.220179980869818159
0.118858738999999894 0.039506468601362921 -159.190319711842676043 1.207795431451105017
0.120380787000000058 0.039728105960555787 -160.539259689516967455 1.195102315082430477
0.121904298000000105 0.039939479146847978 -161.818103364957437407 1.181601670245551627
0.123429203000000043 0.040140578510867247 -163.020010949040454307 1.167912567882090746
0.124955430999999992 0.040331394628675632 -164.149320961605781122 1.153445110107931049
0.126482912999999975 0.040511918827088211 -165.202893158548675956 1.138598102033258064
0.128011580000000069 0.040682142897342233 -166.182520502523772166 1.123250616642001987
0.129541363000000048 0.040842059093234129 -167.086686712949926914 1.107438577507694921
0.131072190999999949 0.040991659940719932 -167.914271382853570458 1.091120606854643071
0.132603994000000003 0.041130938566820208 -168.666738319868329654 1.074333402121612879
0.134136704000000134 0.041259888744720641 -169.342373303348921354 1.057130285001764536
0.135670250000000076 0.041378504454681719 -169.941754161354879216 1.039432514547996123
0.137204562000000113 0.041486780253150057 -170.464633634986995503 1.021374409926421922
0.138739570000000062 0.041584711177170913 -170.910247914371950628 1.002737151478883204
0.140275205999999902 0.041672292850543413 -171.280970559850658219 0.983777670400091675
0.141811398000000144 0.041749521133841311 -171.571497658778270079 0.964275132082329067
0.143348076000000102 0.041816392499491539 -171.786896871705749845 0.944638451776122601
0.144885171999999951 0.041872903963378061 -171.922957250881125901 0.924317742951877075
0.146422613999999979 0.041919052856810607 -171.987822250208495234 0.904271677367322613
0.147960332999999888 0.041954837100167147 -171.969693367201841738 0.882352530269679858
0.149498258999999939 0.041980255048599230 -171.867672279548003189 0.862940164410170185
0.150702024000000157 0.041992916215086884 -171.755742165280963718 0.845868856480757714
0.151571553000000053 0.041998111109091629 -171.622475221283480096 0.832930472216637852
0.152441096000000137 0.041999992397079910 -171.501968881610622475 0.821395356495333795
0.153310638999999943 0.041998560050695882 -171.349940837665485560 0.807870005318490958
0.154180170999999949 0.041993814088535475 -171.164270060067508439 0.794301917784440925
0.155049677999999996 0.041985754586031571 -170.969250286647593384 0.781198025310979038
0.155919148000000174 0.041974381657695764 -170.734386626399043507 0.767157691859083890
0.156788568999999961 0.041959695456609158 -170.488218668666178246 0.753834005947590646
0.157657927000000059 0.041941696219652297 -170.208942814280788980 0.739879840424566781
0.158527209000000141 0.041920384226377005 -169.911125572505198988 0.726335234294681276
0.159396404999999908 0.041895759719491610 -169.586601945031560490 0.712669106468320490
0.160265500000000005 0.041867823120082220 -169.240062741222004661 0.699032975795882083
0.161134481000000079 0.041836574857933240 -168.869272875366476683 0.685602990068167606
0.162003336999999970 0.041802015333413156 -168.476093514526098716 0.672055440806611060
0.162872054999999988 0.041764145061342905 -168.057788838198746362 0.658694012422225250
0.163740622000000086 0.041722964610561991 -167.616839705175124209 0.645674610998021703
0.164609024999999853 0.041678474603973753 -167.154184600558437523 0.632723188887062582
0.165477252999999935 0.041630675604664852 -166.666267882422204138 0.619993416682614207
0.166345291000000145 0.041579568442452752 -166.156592797944426820 0.607675579829814461
0.167213127999999905 0.041525153773506795 -165.623863782681979728 0.595406149045628719
0.168080749999999945 0.041467432482989203 -165.065772039853499109 0.583679920758993664
0.168948146000000105 0.041406405308895972 -164.487490808034834799 0.572430190198036981
0.169815301999999974 0.041342073241292771 -163.883311144921890445 0.561424179658690292
0.170682207000000002 0.041274437100229877 -163.256165247062170920 0.551178077707357272
0.171548847000000060 0.041203497980941473 -162.605981853686245131 0.540785514536883505
0.172415209000000069 0.041129256961010580 -161.925601802303390286 0.532028063031730225
0.173281281999999981 0.041051714989819965 -161.228274910399449027 0.523502122229162370
0.174147052999999968 0.040970873231394617 -160.501105813572536363 0.515621411515521544
0.175012507999999928 0.040886733003764802 -159.750225244892021692 0.508164712836939869
0.175877636000000032 0.040799295386335810 -158.971377623320478278 0.501912482607495658
0.176742423000000121 0.040708561803312032 -158.164689269730530441 0.496365544190700780
0.177606858000000062 0.040614533417364013 -157.334353491002076453 0.491781410134899732
0.178470927000000057 0.040517211759256766 -156.468416887787952874 0.487871358007919809
0.179334618000000084 0.040416598193715098 -155.573231880291530160 0.485972199993075893
0.180197919000000012 0.040312694125499066 -154.647577201651245105 0.485014329881526263
0.181060817000000096 0.040205501125653242 -153.691066987997203341 0.485367484163545859
0.181923298999999927 0.040095020820932442 -152.702854881660726960 0.485911182658203822
0.182785352999999900 0.039981254760024565 -151.682863646004761904 0.489346889056528400
0.183646965999999995 0.039864204669865927 -150.633008524166712050 0.492702603322442090
0.184508125999999967 0.039743872191816743 -149.541512323466378120 0.497976201968817422
0.185368820000000073 0.039620259153492488 -148.412124220568557575 0.504431328922689826
0.186229034999999987 0.039493367438882127 -147.249538993538976683 0.511786716970777600
0.187088759999999910 0.039363198681789890 -146.052584590085899663 0.519713522825271279
0.187947982000000097 0.039229754856009325 -144.820883142404795763 0.528736515943980301
0.188806687000000029 0.039093038153302173 -143.553827979255061109 0.538111021401446177
0.189664863999999961 0.038953050342812073 -142.249036964237291158 0.548475196712294721
0.190522500999999983 0.038809793388517783 -140.903728724696321706 0.558981714565335852
0.191379583999999908 0.038663269641841719 -139.524583063301804486 0.570090911512815879
0.192236101000000076 0.038513481173674063 -138.124214224469199053 0.580880131237303199
0.193092038999999882 0.038360430277622592 -136.687782418608151147 0.591301346346061130
0.193947387000000138 0.038204118935696613 -135.226514432860000170 0.601873863798904285
0.194802131999999906 0.038044549533708977 -133.748178870581540423 0.611215472040046115
0.195656262000000108 0.037881724323034438 -132.252932081874973846 0.619366833076862577
0.196509763000000059 0.037715645990733876 -130.733858109726440944 0.626177023521372056
0.197362623999999903 0.037546316696698306 -129.190374186369439258 0.633224818770828923
0.198214831000000091 0.037373739241369996 -127.633509914825367559 0.638751700021441327
0.199066374000000074 0.037197915666195236 -126.063612918615376657 0.642037823372882288
0.199917238999999913 0.037018848873874938 -124.471572311288241508 0.644675565697288566
0.200767412999999950 0.036836541625980351 -122.859098768373172561 0.645825002670533554
0.201616885999999912 0.036650996082454368 -121.237426317131678388 0.646144663126864360
0.202465643000000028 0.036462215537235415 -119.602915503587055923 0.644992611746866507
0.203313672999999973 0.036270202462617557 -117.958762198906015328 0.642045710418350901
0.204160964000000139 0.036074959591583938 -116.303626687597869704 0.636941861225483130
0.205007503000000091 0.035876489938030276 -114.620861593807546797 0.630890773871400801
0.205853278000000028 0.035674796336124748 -112.927523399933420478 0.625042669034888587
0.206698276000000153 0.035469881909451717 -111.226354292703206283 0.616526510814242368
0.207542486000000054 0.035261749345738946 -109.500013178052199692 0.608065533635644861
0.208385895000000043 0.035050401867098485 -107.765075324539026269 0.598760561119556445
0.209228490000000045 0.034835842757399260 -106.020527110774196444 0.588518920209665120
0.210070259999999953 0.034618074841092833 -104.255971826464573837 0.576556414067240008
0.210911190999999915 0.034397101766831251 -102.480490766757824872 0.564602027794562700
0.211751272999999990 0.034172926186601477 -100.690111133028850077 0.551919231477579042
0.212590493000000130 0.033945551585194522 -98.888431538068815030 0.537592879651330513
0.213428837999999982 0.033714981510515302 -97.074761960625338020 0.523482002449952355
0.214266295999999884 0.033481219292723463 -95.257812268556804725 0.509654875373426020
0.215102854999999982 0.033244268309293584 -93.435808008108764966 0.494078073277124274
0.215938503000000087 0.033004131985270302 -91.602457384492637971 0.476960424355575063
0.216773227999999929 0.032760813793528243 -89.773837491256884391 0.460342908411536300
0.217607017999999930 0.032514317255036562 -87.936803086663346107 0.442157736311298621
0.218439860000000013 0.032264646240989209 -86.083732855903136283 0.425025484288878208
0.219271743000000102 0.032011804075826072 -84.243590987809838566 0.407511215222453205
0.220102653000000065 0.031755795046859991 -82.398467449116168382 0.388597696583733943
0.220932579999999906 0.031496622266562885 -80.550495843942215402 0.371526833742502893
0.221761511000000189 0.031234289819194044 -78.718797980758637323 0.353387592762789748
0.222589434000000086 0.030968801532849199 -76.888708545142108619 0.336203092025202543
0.223416337000000048 0.030700161285786121 -75.068604958311638597 0.319358377186219899
0.224242208000000082 0.030428373006735537 -73.256114837504313186 0.302292360689857764
0.225067035000000054 0.030153440675217247 -71.456104361999109642 0.285863207153773169
0.225890806000000027 0.029875368321862605 -69.678139415813291180 0.269049524212875979
0.226713509000000063 0.029594160028743016 -67.919484622232985771 0.251948300217584131
0.227535131000000085 0.029309820277910903 -66.185022926205633098 0.234717914491615914
0.228355661999999959 0.029022352563195242 -64.471329294703309643 0.218505293224461133
0.229175088000000027 0.028731761823735991 -62.791812243304484298 0.202817055473045599
0.229993399000000015 0.028438051641534151 -61.156382995422809756 0.185317311860300010
0.230810581999999959 0.028141226713500833 -59.553720538738232904 0.169463634149567499
0.231626626000000085 0.027841291067899898 -57.990246875507459379 0.154617650526487488
0.232441517999999986 0.027538249517670643 -56.462342589486873123 0.141703353334192206
0.233255246000000083 0.027232106568984504 -54.984071484480075753 0.129095408240687215
0.234067798999999965 0.026922866399949452 -53.556887847784828693 0.116139713528869148
0.234879165000000112 0.026610533613405041 -52.179349848889678753 0.102642410608307533
0.235689331999999918 0.026295112867614601 -50.853284623036060452 0.090489441796810358
0.236498288999999945 0.025976608480751839 -49.583560333204232506 0.078492266112028364
0.237306023000000144 0.025655025610265947 -48.374493797121132843 0.067153851874500028
0.238112522999999854 0.025330368678386728 -47.219061275126236410 0.056402930645990688
0.238917777000000081 0.025002642555903842 -46.110454536156517236 0.046627454258060724
0.239721772999999944 0.024671852171087916 -45.073447694478041115 0.039082532463284109
0.240524500000000030 0.024338002092009425 -44.101921173714963231 0.031405350649772533
0.241325946000000124 0.024001097349812706 -43.180979742942973587 0.023762303060409811
0.242126099000000011 0.023661143034417437 -42.346228787728449561 0.018633742110998039
0.242924947999999918 0.023318143863370583 -41.566366502737210453 0.014897149857323858
0.243722480999999908 0.022972105032000811 -40.856962607448672031 0.010429392028744594
0.244518686000000096 0.022623031795781096 -40.186417279235307376 0.004547026395886300
0.245313552000000185 0.022270929025580977 -39.565067307434865995 0.000471551967725004
0.246107067999999957 0.021915801635139898 -38.993958538814403880 -0.005922938768087310
0.246899221000000058 0.021557655490261757 -38.456530250874870092 -0.010346357579077252
0.247690000000000105 0.021196495619162259 -37.970382550211816408 -0.012339899623648509
0.248479393999999965 0.020832327094241321 -37.521607156147140927 -0.013327494295916177
0.249267391000000144 0.020465155500750065 -37.130210104364152812 -0.014182986834313438
0.250053979999999898 0.020094986014597777 -36.759773668461662055 -0.016592763035602111
0.250839148999999928 0.019721824334771654 -36.407158007070172800 -0.016665712838091817
0.251622887000000128 0.019345675742613339 -36.097140942492274007 -0.018184529758086036
0.252405182999999866 0.018966545565881843 -35.820286650248668536 -0.020474807693242371
0.253186024000000065 0.018584440162612126 -35.550799666458253512 -0.020194804946212303
0.253965400000000063 0.018199364486682801 -35.308284164942747907 -0.020663293769096168
0.254743300000000117 0.017811324022101810 -35.081037018605634614 -0.019711675658059702
0.255519710999999983 0.017420325313152546 -34.895715085117835486 -0.021381900410963314
0.256294624000000026 0.017026372948109270 -34.736088046918347061 -0.022485537583629405
0.257068024999999867 0.016629474104181780 -34.601731748961633173 -0.022018179920423202
0.257839904999999980 0.016229633464151128 -34.484955737527073438 -0.022250191384957499
0.258610252000000151 0.015826857298385844 -34.368865566191530547 -0.018246941791720591
0.259379054999999969 0.015421151417424950 -34.299379608045931889 -0.013633900662306448
0.260146301999999940 0.015012522218314200 -34.239779625431786769 -0.013778807139468855
0.260911983000000014 0.014600975089835794 -34.176216318257601756 -0.013458986668531693
0.261676086000000030 0.014186516543460481 -34.122430166500286930 -0.014038420767767082
0.262438599999999911 0.013769152613708341 -34.082201627269853361 -0.012950267480133277
0.263199513999999912 0.013348889388856616 -34.065529169709584778 -0.013041064996191480
0.263958816999999957 0.012925733011510149 -34.050102729015357284 -0.016379768230959976
0.264716497999999967 0.012499689679182274 -34.035323061748336215 -0.017097565451266200
0.265472545999999865 0.012070765644887266 -34.022053856249002024 -0.016161913489632203
0.266226949000000046 0.011638967792646143 -34.020036652538259148 -0.015865100910897559
0.266979698000000154 0.011204301343576195 -34.012565614211929699 -0.017882994715017586
0.267730780000000057 0.010766773875796498 -34.005649238170448712 -0.019325373761821397
0.268480186000000065 0.010326390705447330 -34.011272931480029058 -0.020070846427688260
0.269227903999999907 0.009883158952338267 -34.023281685490140092 -0.023013972194735752
0.269973923000000116 0.009437085215609903 -34.026418874538158832 -0.026949524085382232
0.270718232000000114 0.008988176154397259 -34.027820320036859414 -0.030432109063739585
0.271460821000000130 0.008536437877582570 -34.018879468232455565 -0.034536395154595584
0.272201678000000058 0.008081877766842632 -33.997244096609840369 -0.038957352134639585
0.272940794000000042 0.007624501422543090 -33.962949007273479651 -0.042634254900334664
0.273678156999999922 0.007164316345803279 -33.929640877307114977 -0.046966002084786400
0.274413755999999898 0.006701329490263364 -33.882822496669589896 -0.053409563429582210
0.275147581000000085 0.006235547236385780 -33.818860509767731060 -0.059333920658891003
0.275879621000000075 0.005766976650944694 -33.736315239227621987 -0.063784359448833386
0.276609865000000177 0.005295624866369447 -33.646379984516862294 -0.067298247248964424
0.277338303999999924 0.004821497774368244 -33.525576051140319578 -0.068217329730325391
0.278064925000000129 0.004344603926533686 -33.400060795597525498 -0.062855719870002366
0.278789718999999880 0.003864949328008599 -33.268019038946619048 -0.045176519598579191
0.279536625000000039 0.003366491997778748 -33.228216794865559791 -0.015807272942195524
0.280342526000000092 0.003135682530543707 -33.348825830201739961 -0.012443761599014757
0.281185336000000119 0.002921762772845116 -33.387846177795296398 -0.033551883202012342
0.282030002000000002 0.002715290100230500 -33.403191863452931898 -0.038452706629810568
0.282876457000000026 0.002516280893299666 -33.416598655999806056 -0.048305318102563957
0.283724635999999919 0.002324750433489883 -33.396059721402643561 -0.055467937218513154
0.284574472000000023 0.002140713850004486 -33.375369304722759978 -0.062780660583325598
0.285425900000000066 0.001964185222547168 -33.332085119357095948 -0.069967034802790859
0.286278853000000166 0.001795178453409055 -33.287741136796327623 -0.075358524004444233
0.287133263999999944 0.001633706812376304 -33.222678586456567018 -0.082577875653728483
0.287989067000000043 0.001479782766927798 -33.143498893937135108 -0.089190629647638284
0.288846195000000083 0.001333418365299391 -33.049854617534521140 -0.091740378359213628
0.289704581999999933 0.001194624881501433 -32.960944369644579410 -0.097568442006684963
0.290564159999999905 0.001063413309508404 -32.856076123295906655 -0.100535303234180654
0.291424863000000089 0.000939793720785634 -32.750155980020309698 -0.103537647569367924
0.292286623999999995 0.000823775748879957 -32.622110241210265258 -0.108045343039550643
0.293149375000000101 0.000715368548192485 -32.482984583475783325 -0.111786056656640334
0.294013049999999998 0.000614580416131508 -32.318590477442839415 -0.116132421121447088
0.294877579999999972 0.000521419402373102 -32.164711005079340111 -0.118140248169433512
0.295742899000000059 0.000435892611750394 -32.001494574000332705 -0.121761726847148075
0.296608939000000016 0.000358006768268013 -31.816141854035674186 -0.123588629029360672
0.297475632999999962 0.000287767898869765 -31.635837821074836995 -0.123446926129303497
0.298342913000000098 0.000225181515711242 -31.436410296364154959 -0.126841842824340439
0.299210712000000156 0.000170252456203543 -31.208913883962683400 -0.131483972603308963
0.300078962000000060 0.000122985029258824 -30.974899323636034154 -0.130615726447368047
0.300947594999999901 0.000083382931519535 -30.760193802200646473 -0.132729496714476647
0.301816543999999909 0.000051449216494012 -30.520099032592860056 -0.136006618784199562
0.302685741000000175 0.000027186386939632 -30.292929331429849782 -0.138655435224355361
0.303555117999999957 0.000010596336985649 -30.032425514069092998 -0.142349580628792410
0.304424613999999927 0.000001680311995350 -29.767963651375399792 -0.145243902416874709
0.305294158999998511 0.000000000000000000 -29.477690285099576784 -0.150928183665566290
0.306163706000000979 0.000000000000000000 -29.180510738904629875 -0.154806276631218515
0.307033252000000034 0.000000000000000000 -28.875123346053662488 -0.163202532863467531
0.307902798999999394 0.000000000000000000 -28.535980711601059312 -0.167924971181782290
0.308772345999998865 0.000000000000000000 -28.192342620045824475 -0.170675536540374650
0.309641893000001389 0.000000000000000000 -27.827771292125159874 -0.173493487802574786
0.310511439000000389 0.000000000000000000 -27.449510963372084404 -0.177014407841523530
0.311380985999999860 0.000000000000000000 -27.045600302889727828 -0.177083271668067199
0.312250532999999331 0.000000000000000000 -26.634306781055194335 -0.175888792258322185
0.313120079999998691 0.000000000000000000 -26.199833308637568763 -0.173981833434295269
0.313989626000000799 0.000000000000000000 -25.759863177368522713 -0.170546591159607408
0.314859173000000214 0.000000000000000000 -25.304597584458274895 -0.165121132282370631
0.315728719999999685 0.000000000000000000 -24.882945068729988236 -0.163019124372535823
0.316598266999999156 0.000000000000000000 -24.415316828057939347 -0.167167045819745813
0.317467813999998572 0.000000000000000000 -23.942234497704223628 -0.165182453428586229
0.318337360000000624 0.000000000000000000 -23.452832600938378960 -0.162901877305587028
0.319206907000000095 0.000000000000000000 -22.955000547442804049 -0.159864842430390813
0.320076453999999566 0.000000000000000000 -22.486585848746624805 -0.154303508139170931
0.320946000999999037 0.000000000000000000 -22.010936036873232524 -0.154382058607897416
0.321815547000001090 0.000000000000000000 -21.541902573653480601 -0.147782823273234970
0.322685094000000450 0.000000000000000000 -21.101375824550217430 -0.141823158838049412
0.323554640999999921 0.000000000000000000 -20.636391637326042314 -0.137480570826456094
0.324424187999999392 0.000000000000000000 -20.165283044350960751 -0.138219838138068679
0.325293734999998863 0.000000000000000000 -19.677916356060574543 -0.133875000087406021
0.326163281000000915 0.000000000000000000 -19.189685394680914499 -0.124052128447338289
0.327032828000000331 0.000000000000000000 -18.751047306917023150 -0.118572357792785077
0.327902374999999802 0.000000000000000000 -18.272268433437783841 -0.122512014899640392
0.328771921999999217 0.000000000000000000 -17.793445430025016663 -0.113059195161026527
0.329641468000001325 0.000000000000000000 -17.333927705724072155 -0.106374054993423645
0.330511015000000741 0.000000000000000000 -16.875216399044465021 -0.097459798373265530
0.331380562000000212 0.000000000000000000 -16.429084430733375655 -0.090063305695560869
0.332250108999999627 0.000000000000000000 -15.970493093757834657 -0.082320068710109245
0.333119654999998627 0.000000000000000000 -15.532783593507856423 -0.069242303845506267
0.333989202000001151 0.000000000000000000 -15.120765771886253148 -0.061879350295269163
0.334858749000000622 0.000000000000000000 -14.711040851946284747 -0.055718168589699218
0.335728296000000093 0.000000000000000000 -14.333128453861439411 -0.050378531634496515
0.336597842999999453 0.000000000000000000 -13.922233497324063123 -0.045012378368999989
0.337467389000001505 0.000000000000000000 -13.515149832884155501 -0.037126045511950451
0.338336936000000976 0.000000000000000000 -13.129572939708435086 -0.024718158691577126
0.339206483000000447 0.000000000000000000 -12.785913169572205916 -0.010169840568112503
0.340076029999999918 0.000000000000000000 -12.447313563018612470 0.000976129252524043
0.340945575999998862 0.000000000000000000 -12.126777667604869748 0.005049986791735238
0.341815123000001386 0.000000000000000000 -11.795180743002561030 0.008616281205790033
0.342684670000000857 0.000000000000000000 -11.492823794086676870 0.013948897029118343
0.343554217000000273 0.000000000000000000 -11.186603344729322274 0.023545531854884633
0.344423762999999328 0.000000000000000000 -10.912079917167332610 0.029496302675624052
0.345293309999998799 0.000000000000000000 -10.637234470759675986 0.036276216881885606
0.346162857000001212 0.000000000000000000 -10.358816747742331188 0.042635068356318542
0.347032404000000683 0.000000000000000000 -10.109286077018214911 0.046723499233388630
0.347901951000000154 0.000000000000000000 -9.844027031082328349 0.050841534852792032
0.348771496999999153 0.000000000000000000 -9.600842321086000553 0.057353778602724066
0.349641043999998624 0.000000000000000000 -9.372053561630947272 0.061091617939667060
0.350510591000001037 0.000000000000000000 -9.128431842671455243 0.064823572727895407
0.351380138000000508 0.000000000000000000 -8.896160925314733348 0.071632512208014976
0.352249683999999563 0.000000000000000000 -8.659865247817547740 0.080514490408173156
0.353119230999998979 0.000000000000000000 -8.441966626532346751 0.089523187577845525
0.353988778000001503 0.000000000000000000 -8.223648849729631394 0.100214785188545236
0.354858325000000974 0.000000000000000000 -8.026501024989736166 0.111126762406138946
0.355727872000000389 0.000000000000000000 -7.847117156500276636 0.117685981180691443
0.356597417999999389 0.000000000000000000 -7.657543873567881576 0.122105949265930616
0.357466964999998860 0.000000000000000000 -7.471124739942008652 0.130414118519729560
0.358336512000001328 0.000000000000000000 -7.290601534140696671 0.139937558820873720
0.359206059000000799 0.000000000000000000 -7.107981156947148271 0.149613261161955308
0.360075604999999743 0.000000000000000000 -6.958006825752029556 0.156854360108213103
0.360945151999999214 0.000000000000000000 -6.809050724794619924 0.162913310543681522
0.361814698999998685 0.000000000000000000 -6.680234171898740136 0.169120048856149258
0.362684246000001209 0.000000000000000000 -6.555030980720566447 0.175468164063851656
0.363553792000000209 0.000000000000000000 -6.420836983515216367 0.181780854999125163
0.364423338999999624 0.000000000000000000 -6.306659979077709366 0.188184376683149635
0.365292885999999095 0.000000000000000000 -6.185194569030093348 0.193569957649555424
0.366162432999998511 0.000000000000000000 -6.073938270006233431 0.201301505549573184
0.367031980000001035 0.000000000000000000 -5.973481890672633909 0.209457318035162543
0.367901526000000034 0.000000000000000000 -5.882720751280007931 0.216856631703512909
0.368771072999999505 0.000000000000000000 -5.795536628657854017 0.221336632133619621
0.369640619999998921 0.000000000000000000 -5.707856931603398465 0.226775715933041272
0.370510167000001445 0.000000000000000000 -5.631235312031483531 0.233810744041863305
0.371379713000000444 0.000000000000000000 -5.569140732773575131 0.241780388038836586
0.372249259999999915 0.000000000000000000 -5.523437731948789953 0.246512296903579259
0.373118806999999386 0.000000000000000000 -5.477883600377145612 0.251726462159182596
0.373988353999998746 0.000000000000000000 -5.437166597281406055 0.255918508776359688
0.374857901000001270 0.000000000000000000 -5.395914551127616754 0.259609745559278626
0.375727447000000270 0.000000000000000000 -5.354707900201638004 0.264702788165680103
0.376596993999999741 0.000000000000000000 -5.321253593186027864 0.269736614148293308
0.377466540999999212 0.000000000000000000 -5.287234178953138297 0.275649769099211683
0.378336087999998683 0.000000000000000000 -5.263639071405938452 0.281596492408003940
0.379205634000000680 0.000000000000000000 -5.244418055823611979 0.285738440625713574
0.380075181000000151 0.000000000000000000 -5.223350109429772736 0.290110714127840841
0.380944727999999566 0.000000000000000000 -5.210147602120390076 0.294987876160849427
0.381814274999999037 0.000000000000000000 -5.201274051827441625 0.299527784291059251
0.382683821000001090 0.000000000000000000 -5.199011939092731183 0.304039588679341388
0.383553368000000505 0.000000000000000000 -5.196027518666298306 0.308272885109116934
0.384422914999999976 0.000000000000000000 -5.191063404216871291 0.312949106970576263
0.385292461999999447 0.000000000000000000 -5.192044475042707496 0.318172049057004303
0.386162008000001500 0.000000000000000000 -5.202061677263865036 0.322937195684392775
0.387031555000000971 0.000000000000000000 -5.217058863222232112 0.326818670522571186
0.387901102000000442 0.000000000000000000 -5.232442775085372588 0.331545872963795618
0.388770648999999802 0.000000000000000000 -5.246041547532636962 0.335458148029247172
0.389640195999999273 0.000000000000000000 -5.260797374080917521 0.339482214206478450
0.390509742000001325 0.000000000000000000 -5.280833945411082198 0.343224090547119554
0.391379289000000796 0.000000000000000000 -5.304533400881096483 0.346445277983854993
0.392248836000000267 0.000000000000000000 -5.326725925885236634 0.349372066232390754
0.393118382999999683 0.000000000000000000 -5.349684865184824112 0.352336272868837563
0.393987928999998682 0.000000000000000000 -5.376069267227015835 0.355497244669013779
0.394857476000001206 0.000000000000000000 -5.408315079185332053 0.359058524181281979
0.395727023000000677 0.000000000000000000 -5.440903462742015861 0.362262917432594311
0.396596570000000093 0.000000000000000000 -5.476370638519693301 0.365138748274963842
0.397466116999999564 0.000000000000000000 -5.514571939271937673 0.367933924536735735
0.398335662999998508 0.000000000000000000 -5.550509519083482779 0.370539164169457702
0.399205210000001032 0.000000000000000000 -5.588189475006910101 0.373621233823961563
0.400074757000000503 0.000000000000000000 -5.627816996284579432 0.376655789697643240
0.400944303999999974 0.000000000000000000 -5.666457666696246953 0.379328995538404934
0.401813849999998973 0.000000000000000000 -5.705704550938516917 0.382198603442071627
0.402683397000001442 0.000000000000000000 -5.748277956891053364 0.384752266107233454
0.403552944000000857 0.000000000000000000 -5.791939514330322503 0.386929086915480891
0.404422491000000328 0.000000000000000000 -5.834902124250753275 0.389101081795868164
0.405292037999999799 0.000000000000000000 -5.876860881013564963 0.390933942857674910
0.406161583999998799 0.000000000000000000 -5.917371796792291860 0.392673176972447247
0.407031131000001267 0.000000000000000000 -5.959811324320225978 0.394596884683898474
0.407900678000000738 0.000000000000000000 -6.001679288085874475 0.396842643199193823
0.408770225000000209 0.000000000000000000 -6.044334171131850120 0.399559323609202988
0.409639770999999209 0.000000000000000000 -6.089960896997078876 0.402650282482571509
0.410509317999998680 0.000000000000000000 -6.139260704427991655 0.405645461649421279
0.411378865000001148 0.000000000000000000 -6.189489605008136941 0.408333864098443244
0.412248412000000564 0.000000000000000000 -6.242027112797829069 0.410833303822109808
0.413117957999999563 0.000000000000000000 -6.294337605282763093 0.413247968704658075
0.413987504999999034 0.000000000000000000 -6.346047961727999009 0.415622996737837480
0.414857052000001558 0.000000000000000000 -6.399801002023971286 0.417482005249367072
0.415726599000001029 0.000000000000000000 -6.450022470109164630 0.419654880420191390
0.416596146000000389 0.000000000000000000 -6.501522559843779803 0.422078001117974000
0.417465691999999444 0.000000000000000000 -6.554784098552028482 0.424471880899230991
0.418335238999998860 0.000000000000000000 -6.609864545026880478 0.426986108076388704
0.419204786000001384 0.000000000000000000 -6.666430388442533328 0.428896244830943629
0.420074333000000855 0.000000000000000000 -6.721862078563612286 0.430660735104709091
0.420943878999999799 0.000000000000000000 -6.778476438735032694 0.432175224458097418
0.421813425999999270 0.000000000000000000 -6.833410168312194166 0.433710387456634316
0.422682972999998741 0.000000000000000000 -6.887280172196065919 0.435001185124449186
0.423552520000001265 0.000000000000000000 -6.940269281798955525 0.436465048657446009
0.424422066000000264 0.000000000000000000 -6.995158340029979271 0.438044248263181224
0.425291612999999735 0.000000000000000000 -7.049912598171053979 0.439800650488538225
0.426161159999999095 0.000000000000000000 -7.107592246428952265 0.441060366118317504
0.427030706999998566 0.000000000000000000 -7.163086351469229562 0.442313295064049206
0.427900254000001090 0.000000000000000000 -7.219654474773301800 0.443787857722142243
0.428769800000000090 0.000000000000000000 -7.275211221581188603 0.445225977388355620
0.429639346999999561 0.000000000000000000 -7.331586786035862779 0.446623798701942909
0.430508893999998976 0.000000000000000000 -7.386856157484480434 0.447948932115203147
0.431378441000001445 0.000000000000000000 -7.442853489001666212 0.449435731417096085
0.432247987000000500 0.000000000000000000 -7.500351784174216441 0.450719525464442439
0.433117533999999971 0.000000000000000000 -7.556566774427891708 0.451728966528583242
0.433987080999999386 0.000000000000000000 -7.613006384816415562 0.452833152502944369
0.434856627999998857 0.000000000000000000 -7.667979790903929782 0.453929365886333702
0.435726175000001326 0.000000000000000000 -7.724035122822005661 0.455205714639813852
0.436595721000000325 0.000000000000000000 -7.781354929676890464 0.456031883993296472
0.437465267999999796 0.000000000000000000 -7.836504264103332673 0.457132634253660186
0.438334814999999267 0.000000000000000000 -7.892938984966942684 0.458106238260770848
0.439204361999998738 0.000000000000000000 -7.949267109560402389 0.459019215710511130
0.440073908000000735 0.000000000000000000 -8.004868831265085305 0.459537983786417359
0.440943455000000151 0.000000000000000000 -8.058974029117690563 0.460369037203775533
0.441813001999999622 0.000000000000000000 -8.114034578882039384 0.460858397012763932
0.442682548999999093 0.000000000000000000 -8.167333269377547111 0.461727022450645341
0.443552095000001145 0.000000000000000000 -8.221941129616311628 0.462432422408926069
0.444421642000000616 0.000000000000000000 -8.275834999438806960 0.463169564337962192
0.445291189000000032 0.000000000000000000 -8.329201911482027043 0.463593966642219968
0.446160735999999503 0.000000000000000000 -8.380505903440829130 0.464209178808310807
0.447030282999998918 0.000000000000000000 -8.431034292994105783 0.464744047191116727
0.447899829000001026 0.000000000000000000 -8.480263930170588438 0.465593491882298705
0.448769376000000442 0.000000000000000000 -8.531290178215344966 0.466257013525593622
0.449638922999999857 0.000000000000000000 -8.581702316527753283 0.467022992058339137
0.450508469999999328 0.000000000000000000 -8.632936954912462824 0.467463103807272073
0.451378016000001381 0.000000000000000000 -8.681708709618126463 0.467986331178128656
0.452247563000000852 0.000000000000000000 -8.732814344896608461 0.468568380035557119
0.453117110000000323 0.000000000000000000 -8.782324766576934394 0.468962875775370214
0.453986656999999794 0.000000000000000000 -8.832353334464842831 0.469503216952652958
0.454856203999999154 0.000000000000000000 -8.882232886993852716 0.470092679556313398
0.455725750000001206 0.000000000000000000 -8.932428053892445874 0.470523099436620906
0.456595297000000677 0.000000000000000000 -8.980578050014392133 0.471313364382358047
0.457464844000000148 0.000000000000000000 -9.032528788746720494 0.471876759666376655
0.458334390999999619 0.000000000000000000 -9.082358322797805528 0.472489289006255142
0.459203936999998563 0.000000000000000000 -9.132809328695184803 0.473042185718462460
0.460073484000001087 0.000000000000000000 -9.182619452511870506 0.473628267739914788
0.460943031000000558 0.000000000000000000 -9.234549642401523428 0.473959030760910394
0.461812577999999974 0.000000000000000000 -9.283203506314714915 0.474599606273662045
0.462682123999999029 0.000000000000000000 -9.336084357678187118 0.474986736517332642
0.463551671000001442 0.000000000000000000 -9.386057515642402649 0.475592509111157635
0.464421218000000913 0.000000000000000000 -9.438683586068217224 0.475661909716692088
0.465290765000000384 0.000000000000000000 -9.485905783008766079 0.476213045176797911
0.466160311999999855 0.000000000000000000 -9.537070292650817294 0.476642900575365347
0.467029857999998854 0.000000000000000000 -9.584923024621431864 0.477199628972932777
0.467899405000001378 0.000000000000000000 -9.634449380170609700 0.477595566708783448
0.468768952000000738 0.000000000000000000 -9.680286213476831492 0.478200024891695219
0.469638499000000209 0.000000000000000000 -9.730635378123054124 0.478405474309158529
0.470508044999999264 0.000000000000000000 -9.777590582043826473 0.478781165195499014
0.471377591999998680 0.000000000000000000 -9.827449573934829985 0.479111452199770915
0.472247139000001204 0.000000000000000000 -9.875265315929313559 0.479609341346077078
0.473116686000000619 0.000000000000000000 -9.925418992963937370 0.479923057038115608
0.473986231999999619 0.000000000000000000 -9.973376049136364330 0.480307196688554761
0.474855778999999090 0.000000000000000000 -10.023873206596705998 0.480555246451930096
0.475725325999998561 0.000000000000000000 -10.069854911189073832 0.480708052434083211
0.476594873000001085 0.000000000000000000 -10.120465641045816696 0.481036950638627614
0.477464420000000500 0.000000000000000000 -10.163634765717535657 0.481347513652582715
0.478333965999999444 0.000000000000000000 -10.213964792399599091 0.482032420492999214
0.479203512999998915 0.000000000000000000 -10.257694651477571313 0.482335636968065251
0.480073060000001439 0.000000000000000000 -10.308163079802088902 0.482861738634057625
0.480942607000000910 0.000000000000000000 -10.351305288235417734 0.483077016257279057
0.481812152999999910 0.000000000000000000 -10.401367282995828134 0.483738681614562849
0.482681699999999325 0.000000000000000000 -10.445037165269981827 0.483883639397653220
0.483551246999998796 0.000000000000000000 -10.493128767639401389 0.484687415398230792
0.484420794000001265 0.000000000000000000 -10.537921882943289020 0.484901848527576451
0.485290341000000736 0.000000000000000000 -10.589455204373445341 0.485566704744637645
0.486159886999999735 0.000000000000000000 -10.634016061769568040 0.485571986949955681
0.487029433999999151 0.000000000000000000 -10.685850140204019354 0.486608176674015014
0.487898980999998622 0.000000000000000000 -10.733265522515260670 0.486730836072942097
0.488768528000001146 0.000000000000000000 -10.787672761369345054 0.487681162767772625
0.489638074000000145 0.000000000000000000 -10.834638698132922130 0.488131289662236789
0.490507620999999616 0.000000000000000000 -10.891637149026951903 0.489383194531740784
0.491377167999999087 0.000000000000000000 -10.939599723917465823 0.489725817619049597
0.492246715000001500 0.000000000000000000 -10.998982552127245071 0.490870643945595431
0.493116261000000500 0.000000000000000000 -11.047592693664869401 0.490950756234022068
0.493985807999999971 0.000000000000000000 -11.108945625051827477 0.492477420302442515
0.494855354999999442 0.000000000000000000 -11.158600877484049718 0.492760600960233552
0.495724901999998913 0.000000000000000000 -11.225487434889855010 0.495171543678088300
0.496594449000001437 0.000000000000000000 -11.279015971505472749 0.495614518571979301
0.497463995000000381 0.000000000000000000 -11.350738643835512676 0.498349050166308705
0.498333541999999852 0.000000000000000000 -11.409184706779843310 0.499389453542572026
0.499203088999999323 0.000000000000000000 -11.492693556510642949 0.502075179408435934
0.500072635999998738 0.000000000000000000 -11.554286419355248583 0.503790035712658901
0.500942182000000846 0.000000000000000000 -11.661430732450645209 0.506727832860470961
0.501811729000000262 0.000000000000000000 -11.726152758432155210 0.509312349568308176
0.502681275999999677 0.000000000000000000 -11.865580986980733158 0.513655180916366416
0.503550822999999093 0.000000000000000000 -11.944247128390356849 0.517474686040838239
0.504420369999998619 0.000000000000000000 -12.129595678932039604 0.524989647947759597
0.505289916000000616 0.000000000000000000 -12.244783030217687880 0.527745228187663007
0.506159463000000032 0.000000000000000000 -12.463030751298047605 0.550886838222308883
0.507029009999999558 0.000000000000000000 -12.804287978533794856 0.543001819989055390
0.507898556999998974 0.000000000000000000 -12.894183271560772042 0.601472270493013661
