-0.100900944000000076 0.000000000000000000 0.000000000000000000 0.500643943226220300
-0.099369490699999993 0.000000000000000000 0.318850119399257947 0.497241234434907697
-0.097838037800000097 0.000000000000000000 0.267925830102839491 0.509726087918422111
-0.096306584899999881 0.000000000000000000 0.311892653231871264 0.507178643571579935
-0.094775131999999984 0.000000000000000000 0.291941826886344680 0.507834576825994644
-0.093243679100000088 0.000000000000000000 0.313643662942711898 0.504396241716631222
-0.091712226199999886 0.000000000000000000 0.328106207079935208 0.502571238765876616
-0.090180773299999989 0.000000000000000000 0.361698796872301609 0.499579769870633517
-0.088649320400000092 0.000000000000000000 0.401194746723517126 0.497005093789499419
-0.087117867499999890 0.000000000000000000 0.451097675326299907 0.494318152248151621
-0.085586414599999966 0.000000000000000000 0.510672419832944535 0.491673220158548752
-0.084054961700000069 0.000000000000000000 0.576027843135775486 0.489222694452347062
-0.082523508799999867 0.000000000000000000 0.655743672095270069 0.486739007842163562
-0.080992055899999971 0.000000000000000000 0.740999416203053540 0.484188849883934957
-0.079460603000000074 0.000000000000000000 0.839646868513610145 0.481543872893857083
-0.077929150099999872 0.000000000000000000 0.943217882780365002 0.478866297767632232
-0.076397697199999962 0.000000000000000000 1.058859504231681070 0.477122951010433005
-0.074866244300000065 0.000000000000000000 1.180515145537576638 0.474650159353979639
-0.073334791399999863 0.000000000000000000 1.313955763791906373 0.472385233021236972
-0.071803338600000016 0.000000000000000000 1.449683552309084078 0.470184854302065025
-0.070271885700000106 0.000000000000000000 1.601702265557386928 0.468804940764340983
-0.068740432799999904 0.000000000000000000 1.758538039310609813 0.467209489421756829
-0.067208979900000007 0.000000000000000000 1.924515006358218594 0.464996163223654946
-0.065677527000000097 0.000000000000000000 2.094613656533586887 0.462220081120394310
-0.064146074099999895 0.000000000000000000 2.278365495339219837 0.459893049023547218
-0.062614621199999998 0.000000000000000000 2.465987641081310411 0.456798475942129911
-0.061083168300000101 0.000000000000000000 2.664876997426174565 0.453715110807901501
-0.059551715399999892 0.000000000000000000 2.870391390894756256 0.450606755698251094
-0.058020262499999996 0.000000000000000000 3.096005592310926868 0.448068880607198516
-0.056488809600000099 0.000000000000000000 3.326408756570219172 0.445200662936946656
-0.054957356699999883 0.000000000000000000 3.571909856872749423 0.443507800319263179
-0.053425903799999987 0.000000000000000000 3.821913367009077245 0.440762653366270518
-0.051894450900000090 0.000000000000000000 4.088274403813935365 0.438535863835561091
-0.050362997999999881 0.000000000000000000 4.360782592663811741 0.435328366143222345
-0.048831545099999984 0.000000000000000000 4.648581259136919996 0.432121662824358543
-0.047300092200000088 0.000000000000000000 4.941817143791445766 0.427644810093529948
-0.045768639299999872 0.000000000000000000 5.254228515467560534 0.423787863361932526
-0.044237186399999975 0.000000000000000000 5.567905565726029238 0.419160179318422921
-0.042705733500000079 0.000000000000000000 5.901206089190594639 0.415259902468077868
-0.041174280699999920 0.000000000000000000 6.245057311376901232 0.410815329875067192
-0.039642827800000023 0.000000000000000000 6.610482725844278207 0.405684646072735688
-0.038111374900000120 0.000000000000000000 6.976911854922976275 0.400340500894222406
-0.036579921999999911 0.000000000000000000 7.361123209923158051 0.394333605832732859
-0.035048469100000014 0.000000000000000000 7.754347509035460995 0.387883996873585046
-0.033517016200000110 0.000000000000000000 8.172806499630084431 0.381972146343384666
-0.031985563299999908 0.000000000000000000 8.594927234127109017 0.376302894515477215
-0.030454110400000008 0.000000000000000000 9.047743648821132467 0.369953110952083442
-0.028922657500000018 0.000000000000000000 9.508198081430995430 0.364686360547070265
-0.027391204599999993 0.000000000000000000 9.994334251339211050 0.357922149720811988
-0.025859751700000003 0.000000000000000000 10.487706027287199362 0.351515248034571348
-0.024328298800000012 0.000000000000000000 11.013537707176960012 0.345482929150892903
-0.022796845899999994 0.000000000000000000 11.542135576324493940 0.338472517274796658
-0.021265392999999997 0.000000000000000000 12.102675177074040391 0.331657402584069283
-0.019733940100000007 0.000000000000000000 12.666151022581445318 0.324743212596198261
-0.018202487199999985 0.000000000000000000 13.268463362898302194 0.318034922561982902
-0.016671034299999995 0.000000000000000000 13.872593665465045021 0.308484922814390272
-0.015139581400000005 0.000000000000000000 14.514086113046554161 0.298900811693394275
-0.013608128500000011 0.000000000000000000 15.167735502498855382 0.287616305681655193
-0.012076675700000003 0.000000000000000000 15.857721152989389779 0.278001167608794508
-0.010545222800000012 0.000000000000000000 16.548318308202652815 0.265931030940819157
-0.009013769860000003 0.000000000000000000 17.305340461008384523 0.255831619148916667
-0.007482316969999986 0.000000000000000000 18.046473288319205608 0.242393799096322665
-0.005950864069999995 0.000000000000000000 18.877577735164095429 0.229486291572753132
-0.004419411180000007 0.000000000000000000 19.678821111066881144 0.214524434351121368
-0.002887958280000001 0.000000000000000000 20.569748147829255203 0.199718307064487649
-0.001356505390000002 0.000000000000000000 21.432401047639050518 0.183054594637462875
0.000174946766000000 0.000000155338755845 22.389523772854914796 0.156651220448102618
0.001706276340000001 0.000014777431461832 23.420291357211237226 0.153288666543600793
0.003237185420000003 0.000053201034327335 24.359961174448113042 0.170666632640553650
0.004767312210000007 0.000115416874397353 25.229974843794106931 0.183767141656612870
0.006296286960000004 0.000201409914410436 26.058867674386561930 0.203115079621946609
0.007823740190000010 0.000311159370219236 26.753045193508555144 0.219623395752527567
0.009349302779999994 0.000444638715216897 27.440779978605249312 0.237634611706951021
0.010872606099999996 0.000601815690662769 27.957040950772018562 0.248617503910375709
0.012393281999999988 0.000782652303505590 28.534682254368309628 0.263157458513462561
0.013910963000000011 0.000987104844754130 28.908909692801714186 0.270182818859153739
0.015425282300000008 0.001215123890287981 29.435123250908866055 0.280806254565470537
0.016935874100000008 0.001466654349654428 29.701794024096326297 0.279380127744552842
0.018442373299999992 0.001741635420362458 30.295051694139356613 0.289051716395963776
0.019944415699999999 0.002040000609558987 30.447263097549811306 0.270365666139759653
0.021441638599999997 0.002361677856940428 31.368619398939419085 0.267205909962933474
0.022933680000000015 0.002706589374118107 31.450914738705531448 0.244893907139779710
0.024420179300000011 0.003074651782090335 32.816076794801475103 0.080890585377873483
0.025834370400000001 0.003580828779124884 34.763892872241477505 0.322026252258770407
0.027167245900000005 0.004357438723242818 31.560871354563843738 0.620518283911371094
0.028490635199999999 0.005117692105470223 28.365404055135257977 0.712255129083455008
0.029818763400000003 0.005869932985031939 24.800412992021957592 0.775677173412201659
0.031151579700000029 0.006614129546996944 21.409844487696908288 0.813319120509727100
0.032489033200000045 0.007350250402137742 17.964914732119051877 0.847679183225628075
0.033831072700000131 0.008078264474350033 14.560651228935832080 0.877714086332288757
0.035177647099999862 0.008798141216093264 11.146946444138706056 0.904637487105747651
0.036528704800000110 0.009509850282279464 7.739176568338272943 0.930929722365665624
0.037884194199999922 0.010213361799036091 4.324523908438375308 0.954172725819722900
0.039244063600000136 0.010908646304803732 0.916536250343670589 0.977944106129623125
0.040608260899999866 0.011595674596312666 -2.495880860633554299 0.998689694454383381
0.041976734000000064 0.012274417932956444 -5.905130258515786323 1.019741982931557489
0.043349430600000086 0.012944847932205572 -9.309039741847859872 1.038077775501230260
0.044726298300000127 0.013606936617409887 -12.708884629324659343 1.056916368938212614
0.046107284399999969 0.014260656320318421 -16.101680375919357857 1.072945616012144665
0.047492336199999992 0.014905979823778975 -19.483254360576395925 1.090561477005001834
0.048881400799999856 0.015542880263752834 -22.857787059588492440 1.104419197466842473
0.050274425000000046 0.016171331085108043 -26.211224230802695701 1.120542480505723804
0.051671355600000086 0.016791306177946358 -29.553751673489433216 1.133144851905759642
0.053072139400000155 0.017402779871002777 -32.876870513576022859 1.147172020440515361
0.054476722600000103 0.018005726669845484 -36.177590118730172719 1.158553969613862034
0.055885051699999987 0.018600121648867179 -39.457736948405077726 1.171023767374947733
0.057297072799999932 0.019185940146385999 -42.713662935422121336 1.180868992824873454
0.058712732000000094 0.019763157934611891 -45.943041558715862038 1.192187161426833120
0.060131975099999853 0.020331751094602668 -49.144888957635473048 1.200426821992085724
0.061554747999999895 0.020891696177121805 -52.317446150517959325 1.210254700087947777
0.062980996300000133 0.021442970040251308 -55.460004953901190561 1.216872441112492487
0.064410665400000081 0.021985549892010403 -58.567981276231783738 1.225466393082226046
0.065843700799999932 0.022519413402631638 -61.643530967241389362 1.230935414811257012
0.067280047600000004 0.023044538514724960 -64.682399455338554617 1.238063998645445585
0.068719651000000007 0.023560903629577135 -67.682917632146924802 1.242596992480414331
0.070162455999999915 0.024068487494125046 -70.646761327429004496 1.248231247242087560
0.071608407399999879 0.024567269202894398 -73.568803703893593138 1.252052784507335037
0.073057450000000107 0.025057228266944648 -76.451265144138176311 1.255858110224592705
0.074509528500000061 0.025538344576353733 -79.289249933625086442 1.259052531803679820
0.075964587200000044 0.026010598302662336 -82.086743755265359823 1.261438768937514832
0.077422570600000060 0.026473970096539734 -84.838082595253069940 1.263898273350728907
0.078883423100000100 0.026928440984320123 -87.543373632782433447 1.264968682632923169
0.080347088699999986 0.027373992276772841 -90.202570946853214195 1.266476644376051119
0.081813511499999866 0.027810605725477944 -92.815589528288455767 1.266454737440618317
0.083282635599999918 0.028238263486621146 -95.379060589563124495 1.266602045343265592
0.084754404700000105 0.028656948004563726 -97.893635412398893436 1.265646990074452027
0.086228762699999878 0.029066642185931940 -100.359513778495838210 1.264441273307380431
0.087705653100000086 0.029467329228434092 -102.772642574073685751 1.262551550909132514
0.089185019500000004 0.029858992761045977 -105.136370936019062583 1.260070169211742419
0.090666805499999878 0.030241616811646638 -107.445826385301614891 1.257319516626319134
0.092150954400000151 0.030615185729009786 -109.704174353954982735 1.253622390497634687
0.093637409399999955 0.030979684237564115 -111.907870256385137964 1.249765087038601008
0.095126113799999995 0.031335097484422203 -114.056362759719831956 1.245388236333787813
0.096617010699999978 0.031681410964223666 -116.153708214614340477 1.240393894219605331
0.098110043099999864 0.032018610544738951 -118.192318262818020003 1.235112040480714990
0.099605153899999938 0.032346682467056659 -120.177042624881110555 1.229130278391907583
0.101102286000000069 0.032665613366833046 -122.104362784855865698 1.223184674414822259
0.102601382000000060 0.032975390210411626 -123.974894048691112403 1.216252816767623202
0.104102384999999936 0.033276000459298266 -125.788758533950044693 1.209421803958990349
0.105605237999999962 0.033567431937157444 -127.543869502442504427 1.201686806685846154
0.107109882000000128 0.033849672480072757 -129.242045677575816853 1.193806292641502509
0.108616262000000088 0.034122711065873612 -130.878625803494600177 1.185404748006496867
0.110124317999999985 0.034386536139292156 -132.460174844527301730 1.176382348988201043
0.111633993000000098 0.034641137091275448 -133.977642741659053627 1.167309891022902280
0.113145230000000069 0.034886503684589565 -135.439546743618763003 1.157435107374964467
0.114657971000000067 0.035122625898795112 -136.837372306132976973 1.147562165037526283
0.116172157999999873 0.035349494106239970 -138.176799586977153922 1.136842328440624161
0.117687732999999947 0.035567099070047542 -139.454418639422755177 1.126278029371386991
0.119204638999999959 0.035775432076420532 -140.671417996649125826 1.114771390078989732
0.120722816999999885 0.035974484517686534 -141.825163805892429991 1.103364867703084728
0.122242209000000157 0.036164248318150821 -142.920320196898728682 1.091257418642296084
0.123762757000000001 0.036344715785735671 -143.949397529252252070 1.078884890032294930
0.125284403999999988 0.036515879719796362 -144.918841295520422818 1.066222599592993481
0.126807091000000094 0.036677733069088753 -145.826808275796878434 1.052892403809861488
0.128330759000000016 0.036830269186280101 -146.667962749129941358 1.039439720311839066
0.129855351000000035 0.036973482008245573 -147.451562750410545277 1.025268435372856279
0.131380808999999960 0.037107365739045606 -148.167779357034675058 1.011134140657628189
0.132907072999999931 0.037231914801098775 -148.822636114405412400 0.996128294375076884
0.134434087000000063 0.037347124329857040 -149.414755829146230326 0.981480574290859220
0.135961790000000082 0.037452989453714447 -149.941659467156455321 0.965193824143955603
0.137490126000000074 0.037549506047563130 -150.406152526138129133 0.950159009026119827
0.139019034999999874 0.037636670092858426 -150.808201562079318592 0.933161459596409504
0.140548458999999959 0.037714478086465691 -151.143020158234804740 0.917171613817045039
0.142078340000000108 0.037782926895222307 -151.416739451713283415 0.899990681689738059
0.143608620000000159 0.037842013755317067 -151.629149857000840029 0.883215905427850334
0.145139238999999948 0.037891736212897570 -151.771402826330103153 0.865378705879717991
0.146670138999999922 0.037932092278026158 -151.859543697731709244 0.848123595482139669
0.148201261999999889 0.037963080328673765 -151.873981996263609062 0.829074012925644088
0.149732548999999882 0.037984699099341795 -151.820891863133255129 0.811576855899601712
0.150931099000000013 0.037995082558682863 -151.745432300122956804 0.797686380456237298
0.151796849999999872 0.037999012264509052 -151.666175760016159302 0.787105219160089131
0.152662610000000115 0.037999947175136300 -151.580490097439707142 0.776799711911734581
0.153528366999999943 0.037997887280034587 -151.472866531789549072 0.765388105218440473
0.154394112999999999 0.037992832596935783 -151.339411383767298958 0.753790022640968949
0.155259834999999929 0.037984783201896993 -151.191536666380159204 0.742505862643110470
0.156125523000000099 0.037973739199893358 -151.019562580043668731 0.730567001162718332
0.156991166999999987 0.037959700726772877 -150.828009286243144516 0.719093060149519903
0.157856756000000154 0.037942667970671778 -150.617951098908861240 0.707264478440028710
0.158722280000000021 0.037922641139591068 -150.386273840974752147 0.695548661980612271
0.159587728000000179 0.037899620500765591 -150.137684796172976576 0.683828678652812050
0.160453088999999938 0.037873606366195994 -149.865703652881848029 0.672066395154091389
0.161318352999999942 0.037844599057414802 -149.578499997213441475 0.660504923668319255
0.162183509000000114 0.037812598965631855 -149.270437913670861008 0.648817456078755628
0.163048548000000126 0.037777606442524286 -148.942199895999152659 0.637160737377429620
0.163913456999999929 0.037739622039510951 -148.598128550047675844 0.625799443954207613
0.164778226999999944 0.037698646184165463 -148.231225696840652972 0.614299242288650960
0.165642846999999926 0.037654679426425475 -147.850867076985878157 0.603086158772359493
0.166507306000000022 0.037607722361192558 -147.446679976854454708 0.591935248709755224
0.167371594000000012 0.037557775568849205 -147.028881092324724023 0.581268859064653531
0.168235700999999988 0.037504839660941647 -146.589871842307957195 0.570044433694790076
0.169099615999999897 0.037448915346684070 -146.134286333837025040 0.559789947364946361
0.169963327999999941 0.037390003380424058 -145.656786323973648223 0.549491002904322734
0.170826826000000098 0.037328104561696468 -145.161445315488748520 0.539320698670668008
0.171690100999999901 0.037263219581478851 -144.649830458788898113 0.529657618157555188
0.172553141000000160 0.037195349389354482 -144.114852203412681320 0.519951857455188127
0.173415937000000075 0.037124494742591052 -143.565196751604020164 0.510967293819231672
0.174278477000000043 0.037050656678048632 -142.992026699257820610 0.502661947801102849
0.175140750999999900 0.036973836110332642 -142.400866225501914641 0.494656367522913643
0.176002749000000014 0.036894033985646779 -141.787334614473479633 0.487202299060742972
0.176864459000000140 0.036811251477473411 -141.153699724672719640 0.480123620495325698
0.177725871999999896 0.036725489515026827 -140.499429925345339143 0.474269446737212774
0.178586977000000119 0.036636749254935624 -139.820954937920646444 0.468704144931808675
0.179447762999999871 0.036545031899658215 -139.124371660449980936 0.463994046417599948
0.180308220999999907 0.036450338473968308 -138.406022639665962970 0.460168217396782098
0.181168337999999957 0.036352670481836546 -137.662704158222311435 0.457404298056812930
0.182028106000000023 0.036252028907300143 -136.895340273116318031 0.455658970738991254
0.182887512999999863 0.036148415227763686 -136.101761770045015965 0.455581994791130540
0.183746548000000093 0.036041830855095047 -135.281391387904051271 0.456458137246337825
0.184605203000000107 0.035932276859492518 -134.430151153428653288 0.459188734027581313
0.185463465000000161 0.035819754979730917 -133.550600165630413585 0.461999408766962383
0.186321324000000010 0.035704266620127073 -132.649226627923013666 0.465962560684911986
0.187178770999999966 0.035585813077668338 -131.717150203785365647 0.470974919365744593
0.188035793000000173 0.035464396241643104 -130.754981161711384630 0.477972551602060924
0.188892382000000081 0.035340017341600416 -129.761354429496890361 0.484847761779843067
0.189748527000000028 0.035212678063198888 -128.736249283845950231 0.492347366134086362
0.190604216000000021 0.035082380293218668 -127.679918457738935444 0.499538955507927984
0.191459441000000147 0.034949125349479998 -126.588382081214533059 0.508963346397148242
0.192314189000000024 0.034812915360265956 -125.468843011639108909 0.518053284169655903
0.193168450999999908 0.034673751870968383 -124.327987249121662217 0.527364040095064213
0.194022217000000136 0.034531636614398870 -123.165418861399913908 0.536987724188146998
0.194875474999999881 0.034386571700434299 -121.982284700457455529 0.546587108554498879
0.195728216000000010 0.034238558774969979 -120.763645192077149204 0.556571966069791202
0.196580429000000140 0.034087599861220980 -119.510282816648427229 0.566001417718314581
0.197432104000000053 0.033933696848021749 -118.252688626805266381 0.575070233323160540
0.198283229999999949 0.033776851844241312 -116.975417725738154218 0.584216670158912876
0.199133796000000085 0.033617067007151197 -115.673287366917762142 0.591602756831470900
0.199983793000000049 0.033454344156125471 -114.349915903052647081 0.599551124213574926
0.200833210999999956 0.033288685327380607 -113.012573073016028502 0.605315672960362372
0.201682037999999897 0.033120092992438427 -111.653637377574440848 0.611886293712112006
0.202530263999999877 0.032948569278183876 -110.291885360744913669 0.616221493113268459
0.203377880000000150 0.032774116138671927 -108.923799814493463600 0.616654819833409529
0.204224873999999945 0.032596736182127245 -107.529183023724186796 0.618457519479846396
0.205071235999999907 0.032416431651031002 -106.128611376156399615 0.619020367486371903
0.205916956000000095 0.032233204823091638 -104.719099102915734534 0.617562491676149183
0.206762023999999989 0.032047058011386936 -103.302528787094175300 0.616427877379483014
0.207606429000000120 0.031857993790226247 -101.889911526071031744 0.611201805997106273
0.208450162000000105 0.031666014325415853 -100.461300443960041662 0.605876092248692877
0.209293211000000062 0.031471122503028803 -99.021345452241249063 0.599804075714276741
0.210135565999999996 0.031273320800995652 -97.570600979899637650 0.592699536026015661
0.210977217000000050 0.031072611733437172 -96.103796134060289091 0.585490425619942578
0.211818155000000091 0.030868997606866955 -94.629734670192277690 0.577167305067624370
0.212658367000000098 0.030662481740144826 -93.140918335980302345 0.568654821178655512
0.213497845999999991 0.030453066025062953 -91.646550011715646633 0.558575957049897598
0.214336578999999972 0.030240753876044413 -90.137807889201155831 0.547992323177758700
0.215174556999999961 0.030025547754077564 -88.609963368385109561 0.536551655384894466
0.216011768999999881 0.029807450667362873 -87.078318832359528301 0.525483553913591472
0.216848205999999988 0.029586465144213092 -85.537475753597803418 0.512996086453430977
0.217683856999999925 0.029362594275269605 -83.985515416180987813 0.500392209844787272
0.218518712000000004 0.029135840930342272 -82.429132744920352138 0.487884416447720515
0.219352761000000063 0.028906208017259793 -80.850410366070391888 0.473048326474307557
0.220185992999999969 0.028673698762972322 -79.270661909044065396 0.457887396628100130
0.221018398999999949 0.028438315878488274 -77.695312575769662544 0.443479094565575438
0.221849967999999981 0.028200062675274029 -76.108227236390575854 0.429156321978442501
0.222680690000000098 0.027958942226473271 -74.515539405979922094 0.414801416975402626
0.223510555000000111 0.027714957644299598 -72.921170297143845573 0.399347472035622708
0.224339551999999859 0.027468112379895354 -71.324286301602029425 0.383949033278590091
0.225167671999999985 0.027218409332150889 -69.738158452804881904 0.369731241769637675
0.225994904999999913 0.026965851731806462 -68.154172885845298424 0.354877298552610909
0.226821240000000174 0.026710443160527342 -66.559910859755547108 0.338735221080554816
0.227646668000000024 0.026452186625781193 -64.975163247662123922 0.324709933426061303
0.228471178000000080 0.026191085797434344 -63.398414837731181137 0.307766205700943707
0.229294760000000070 0.025927144078852105 -61.826447103931528204 0.292087176281088656
0.230117404000000081 0.025660364914334460 -60.271251824765435856 0.276087461611833451
0.230939099999999897 0.025390751789362342 -58.727425519317399960 0.262140574885979305
0.231759837999999857 0.025118308230847985 -57.198029874107255921 0.249165673058696080
0.232579608000000077 0.024843037807390000 -55.687085248377279356 0.235964679807673577
0.233398401000000172 0.024564943787965920 -54.204767388644164328 0.220834958633179451
0.234216204999999872 0.024284030504600984 -52.734558751156036749 0.204841001309461174
0.235033011000000069 0.024000301314813455 -51.295960969821869924 0.188134532534417004
0.235848810000000020 0.023713759603404660 -49.898881209417609739 0.171590366760335705
0.236663590000000174 0.023424409853861239 -48.514160776029761735 0.155906764646740942
0.237477342999999896 0.023132255180234623 -47.143891714446070296 0.143115634232004074
0.238290056999999972 0.022837300168485147 -45.814224348930544295 0.133705450745997378
0.239101724999999959 0.022539547635756246 -44.526679656694767573 0.122711950562184022
0.239912334000000088 0.022239002632673532 -43.276714401707565116 0.113748359467322452
0.240721875999999863 0.021935668418159970 -42.055957833305328109 0.103336006467257602
0.241530340000000093 0.021629549406263021 -40.893663015904046176 0.089882967522989465
0.242337717000000064 0.021320649302767919 -39.781056089670606468 0.079548686999169921
0.243143996999999917 0.021008972231564060 -38.692094930711427025 0.071570818373189890
0.243949169999999965 0.020694522362239037 -37.681618479855195858 0.063523045918778748
0.244753226000000018 0.020377303910408623 -36.712974883069257714 0.054828586095502771
0.245556155999999942 0.020057320737530471 -35.777469697665978288 0.047221298810161884
0.246357949000000048 0.019734577544784720 -34.904669586275986148 0.039444983125909341
0.247158595999999869 0.019409078279316733 -34.073492483423713395 0.030507411225545695
0.247958085999999994 0.019080827744724221 -33.270730181785594937 0.023625657758380547
0.248756410999999872 0.018749829558568049 -32.516216859009098528 0.017892535726522801
0.249553561000000146 0.018416088195472718 -31.804583109664037011 0.015555310016472436
0.250349524999999906 0.018079608603197156 -31.144008164662253080 0.009101773315758725
0.251144293999999879 0.017740394936867576 -30.515768557041035081 -0.000010599868997767
0.251937857999999903 0.017398451817377314 -29.930019335435904537 -0.001964222675111391
0.252730207999999901 0.017053783478086754 -29.414068748069343684 0.000824537299519650
0.253521333999999932 0.016706394626965992 -28.921714828101528383 -0.001230295729755087
0.254311226000000112 0.016356290022229492 -28.468670480608157192 -0.005809142333612741
0.255099874999999920 0.016003474023306097 -28.050457657358705887 -0.008362701430865184
0.255887270000000000 0.015647951931267085 -27.653731349251511773 -0.011596990666400957
0.256673403000000133 0.015289727741984699 -27.289869345877278306 -0.010060924418556348
0.257458264000000048 0.014928806393702587 -26.981837847444332112 -0.008299554973500703
0.258241843000000082 0.014565192876877797 -26.705199338153239097 -0.005777406925145176
0.259024130999999880 0.014198891764278354 -26.441552690185428531 0.001990206953771446
0.259805118000000168 0.013829908139469937 -26.211328367973557363 0.006355272435359320
0.260584794000000064 0.013458247139513185 -26.009571353161476281 0.007740874412673462
0.261363150000000100 0.013083913472376779 -25.813883952682438405 0.006451211541259901
0.262140176999999863 0.012706911883418798 -25.637880412313105438 0.005931012803591202
0.262915863999999944 0.012327248138921665 -25.472248207277136345 0.004354409043865319
0.263690203000000067 0.011944926589925048 -25.325788323420930226 -0.006920577209398925
0.264463185000000101 0.011559952109052418 -25.161608573821641954 -0.015506086661478544
0.265234799000000077 0.011172330616847581 -25.023144131957423042 -0.011483443183311506
0.266005035999999861 0.010782067090103570 -24.919159705523878046 -0.013687016100296191
0.266773886999999987 0.010389166545432427 -24.821731943021443811 -0.017806564569194574
0.267541342000000182 0.009993634557218106 -24.710414447191112686 -0.020428357197930656
0.268307392000000033 0.009595476236020084 -24.621766914654585889 -0.025273329912308764
0.269072027999999908 0.009194696733487634 -24.549307179124454592 -0.031948953209852818
0.269835240999999892 0.008791301242768057 -24.459654046026425789 -0.036336309456595703
0.270597019999999966 0.008385296069293280 -24.380103527062434665 -0.037741866581907146
0.271357357000000188 0.007976685977495346 -24.303929482141647611 -0.037992430274023978
0.272116242000000008 0.007565476845105390 -24.240032282259502239 -0.040451064754805102
0.272873667000000097 0.007151673513924983 -24.177325821479730195 -0.047364229641952971
0.273629621999999906 0.006735281957754136 -24.102537096335503009 -0.053625543028393431
0.274384097000000160 0.006316308212638705 -24.031980357647917401 -0.056931682502400334
0.275137083999999976 0.005894757253295635 -23.963484839473910171 -0.057573768859739881
0.275888573000000081 0.005470635214899738 -23.878450693874871291 -0.057692808083527662
0.276638555000000008 0.005043947725384607 -23.793761607451941131 -0.060439840900286701
0.277387021000000067 0.004614700458997173 -23.683871704967671690 -0.058734058353660246
0.278133962000000068 0.004182899136798063 -23.600271191796071690 -0.057352995562358622
0.278879367999999850 0.003748550112182419 -23.450329132703565449 -0.049243041690649574
0.279649335999999971 0.003317578502571292 -23.397913293928304768 -0.029381356289373661
0.280466225999999819 0.003103789137141141 -23.466652503730372814 -0.034936947921036618
0.281305638999999885 0.002891872662510800 -23.448257247512664492 -0.054732682931399101
0.282146883000000126 0.002687340796697330 -23.407999859889592642 -0.062646717325285289
0.282989890999999882 0.002490209832001641 -23.357668165633892698 -0.077756092625575216
0.283834599000000021 0.002300494723980417 -23.279188702219208551 -0.089658180320164968
0.284680941999999992 0.002118210079418953 -23.153055928939441088 -0.091007890569079042
0.285528853999999888 0.001943370116029006 -23.032811772200805223 -0.095031517355731662
0.286378270000000101 0.001775988237386339 -22.883801250042495212 -0.099553253570814987
0.287229123999999891 0.001616077450816725 -22.735443832995198221 -0.096256954914041279
0.288081350000000125 0.001463650152728410 -22.607346785128239475 -0.099555400214971654
0.288934883999999947 0.001318717803063363 -22.456843973838648054 -0.104432001446255279
0.289789657000000089 0.001181292114076152 -22.280112193766512974 -0.107519955826143307
0.290645605999999945 0.001051383209462409 -22.092158333413141946 -0.110348806321629481
0.291502663000000051 0.000929001419730138 -21.902636670322120693 -0.107843796989198770
0.292360761999999996 0.000814156156257503 -21.696264112705097915 -0.114083145592875398
0.293219838000000010 0.000706856125096841 -21.474493599672591415 -0.119238715120715821
0.294079823999999990 0.000607109709538617 -21.247608961396579730 -0.124899889247526583
0.294940651999999970 0.000514924781585518 -21.000961318526744748 -0.129313143085761334
0.295802257999999985 0.000430308191841505 -20.767396515574567673 -0.127791119177142670
0.296664574000000125 0.000353266629003923 -20.509088352510200792 -0.135449304842726520
0.297527534000000038 0.000283805988734689 -20.217695505750370444 -0.139115554247155715
0.298391071000000063 0.000221931666200589 -19.932738684402337981 -0.133856262550758859
0.299255117999999876 0.000167648455557917 -19.648665248888129042 -0.134442163500128442
0.300119609000000065 0.000120960502238143 -19.331988061928996103 -0.134092119747743238
0.300984476999999917 0.000081871430211711 -18.997178333584269438 -0.134910007658845227
0.301849654999999994 0.000050384267337056 -18.678491513955684411 -0.142972797081422437
0.302715077000000055 0.000026501423343497 -18.325408506194019509 -0.144492349400687420
0.303580674000000161 0.000010224792369964 -17.992724835170434972 -0.133481762935288240
0.304446388000000123 0.000001555543147028 -17.641846695230697151 -0.133627514711928630
0.305312147999998895 0.000000000000000000 -17.264418987012746243 -0.147984443953519840
0.306177909999999998 0.000000000000000000 -16.840134111380166360 -0.147283381106807110
0.307043672000001155 0.000000000000000000 -16.393784485896617298 -0.130360345109097997
0.307909433999999205 0.000000000000000000 -16.008657024672043434 -0.125597077244860605
0.308775196000000418 0.000000000000000000 -15.593342484294712591 -0.122190063435327345
0.309640958000001520 0.000000000000000000 -15.157781651785711574 -0.119549476680141487
0.310506719999999625 0.000000000000000000 -14.696035322365233355 -0.121750332620985557
0.311372482000000783 0.000000000000000000 -14.227230353819978248 -0.116730573445099614
0.312238243999998888 0.000000000000000000 -13.755612919279984752 -0.112561683908589727
0.313104006000000046 0.000000000000000000 -13.305155353850457445 -0.108021394068293822
0.313969768000001204 0.000000000000000000 -12.860828405571998800 -0.109539516155577235
0.314835529999999253 0.000000000000000000 -12.415505028201801352 -0.113502306705507330
0.315701292000000466 0.000000000000000000 -11.987103631530370507 -0.110438526872563267
0.316567053999998516 0.000000000000000000 -11.553994662478553224 -0.094331199193765133
0.317432815999999673 0.000000000000000000 -11.146916439803318255 -0.092110099360827119
0.318298578000000887 0.000000000000000000 -10.732077089107676215 -0.093111318279647665
0.319164339999998936 0.000000000000000000 -10.316153833311169308 -0.087435002069264425
0.320030102000000094 0.000000000000000000 -9.894104613019957029 -0.082707678561890804
0.320895864000001196 0.000000000000000000 -9.459530260638389976 -0.069702522348001103
0.321761625999999357 0.000000000000000000 -9.071567961760587551 -0.059563497200850662
0.322627388000000515 0.000000000000000000 -8.667882289935878504 -0.041478909615826724
0.323493149999998564 0.000000000000000000 -8.316939221692894790 -0.024491474395716365
0.324358911999999722 0.000000000000000000 -7.961408909544166690 -0.013201901201352352
0.325224674000000935 0.000000000000000000 -7.656760856588514130 -0.000342923638201359
0.326090435000001622 0.000000000000000000 -7.336664798133177179 0.013851518685265121
0.326956198000000142 0.000000000000000000 -7.049468599526780288 0.027454397674374159
0.327821959000000829 0.000000000000000000 -6.738223838519349584 0.037573972199008140
0.328687720999998989 0.000000000000000000 -6.459478985366086334 0.046779078355712378
0.329553483000000091 0.000000000000000000 -6.173409293092730898 0.050757672732148915
0.330419245000001249 0.000000000000000000 -5.881248446770434235 0.056161750347690026
0.331285006999999299 0.000000000000000000 -5.603326936045857742 0.067101682486874703
0.332150769000000512 0.000000000000000000 -5.355387326440498974 0.079401267835555400
0.333016530999998617 0.000000000000000000 -5.124862400368193960 0.089942999231664322
0.333882292999999719 0.000000000000000000 -4.883707598245241144 0.102997902432915706
0.334748055000000933 0.000000000000000000 -4.688416698941102467 0.116427636120419745
0.335613816999999037 0.000000000000000000 -4.491536928736025835 0.120871571074193024
0.336479579000000140 0.000000000000000000 -4.307602444701950084 0.129550705409253897
0.337345341000001298 0.000000000000000000 -4.128722923637239361 0.136395199891263058
0.338211102999999402 0.000000000000000000 -3.958711576343107108 0.144181296456726810
0.339076865000000560 0.000000000000000000 -3.798676898392364443 0.149918015866052440
0.339942626999998665 0.000000000000000000 -3.635265931213843782 0.155454468713925903
0.340808388999999767 0.000000000000000000 -3.470949580161815096 0.163140361703679015
0.341674151000000981 0.000000000000000000 -3.322390522769238963 0.169065360441393503
0.342539912999999030 0.000000000000000000 -3.169388688783115970 0.178715401102461896
0.343405675000000188 0.000000000000000000 -3.040555106029716903 0.188815249954548015
0.344271437000001290 0.000000000000000000 -2.913882085211870088 0.196583096323610429
0.345137198999999451 0.000000000000000000 -2.796198284372193754 0.204371247960373537
0.346002961000000608 0.000000000000000000 -2.692040970059264016 0.214835569823329464
0.346868722999998658 0.000000000000000000 -2.598699415464089224 0.222591828846611772
0.347734484999999816 0.000000000000000000 -2.514800042512541633 0.228130545745239000
0.348600247000001029 0.000000000000000000 -2.430442009054211372 0.234463629968135578
0.349466008999999078 0.000000000000000000 -2.364847799940132056 0.240209188902772208
0.350331771000000236 0.000000000000000000 -2.288980817966237424 0.244742664847636793
0.351197533000001449 0.000000000000000000 -2.221873957387948018 0.254554957467145460
0.352063294999999499 0.000000000000000000 -2.174180776552225858 0.262708388357227152
0.352929057000000657 0.000000000000000000 -2.131032502905342518 0.265733350602436524
0.353794818999998706 0.000000000000000000 -2.094982090870977753 0.269830419237475305
0.354660580999999919 0.000000000000000000 -2.060561729012754473 0.275542119890111514
0.355526342000000606 0.000000000000000000 -2.028368428584023331 0.282639457183695098
0.356392103999998711 0.000000000000000000 -2.005595452325674710 0.289521229139109271
0.357257865999999813 0.000000000000000000 -1.993253730661731060 0.296105275739063367
0.358123628000001026 0.000000000000000000 -1.986437178217374644 0.301068217640927283
0.358989389999999131 0.000000000000000000 -1.988911628819317601 0.305884420781364630
0.359855152000000234 0.000000000000000000 -1.992871691545464508 0.310942063077463859
0.360720914000001391 0.000000000000000000 -1.999072030451888526 0.316056454523984565
0.361586675999999496 0.000000000000000000 -2.006055648637254052 0.322771440796139231
0.362452438000000654 0.000000000000000000 -2.018318085510939053 0.327731450449321726
0.363318199999998759 0.000000000000000000 -2.028880274257825800 0.330043677855846207
0.364183961999999861 0.000000000000000000 -2.039106264667149837 0.335598139454820921
0.365049724000001075 0.000000000000000000 -2.056993443918477826 0.341585583089474121
0.365915485999999124 0.000000000000000000 -2.075553635418117882 0.346909361790316562
0.366781248000000282 0.000000000000000000 -2.102281614268912247 0.353467205117984573
0.367647010000001384 0.000000000000000000 -2.133756352448485938 0.358395784992308841
0.368512771999999544 0.000000000000000000 -2.169700351463975885 0.363808795444087230
0.369378534000000702 0.000000000000000000 -2.215900983019476023 0.368017665480868006
0.370244295999998752 0.000000000000000000 -2.262168707810880974 0.371879737148819278
0.371110057999999965 0.000000000000000000 -2.310760708774443284 0.375519664529305464
0.371975820000001123 0.000000000000000000 -2.362743674513446024 0.379653216527549908
0.372841581999999172 0.000000000000000000 -2.418429242805456791 0.382716126719093885
0.373707344000000330 0.000000000000000000 -2.469388308856007797 0.385684411980480646
0.374573106000001543 0.000000000000000000 -2.518324682454867069 0.389048317637581298
0.375438867999999593 0.000000000000000000 -2.572688868595653489 0.392496158431741848
0.376304630000000750 0.000000000000000000 -2.622838643198966313 0.397079636745099163
0.377170391999998800 0.000000000000000000 -2.676925465287637529 0.401774359505319589
0.378036154000000013 0.000000000000000000 -2.733578705686546595 0.406032543063010509
0.378901916000001171 0.000000000000000000 -2.790901963100589800 0.409937227497817303
0.379767677999999220 0.000000000000000000 -2.854303360985147808 0.412921805036816081
0.380633440000000378 0.000000000000000000 -2.916355989383498493 0.415356787078196177
0.381499201000001120 0.000000000000000000 -2.979274510677147436 0.417976642415203825
0.382364962999999225 0.000000000000000000 -3.040564150705880486 0.420102115417751998
0.383230725000000327 0.000000000000000000 -3.099729125328055002 0.422220890794291814
0.384096487000001485 0.000000000000000000 -3.159799639248464409 0.425068461609796389
0.384962248999999590 0.000000000000000000 -3.220748402231872642 0.427728160996552864
0.385828011000000748 0.000000000000000000 -3.280113811012211666 0.430062765320714024
0.386693772999998853 0.000000000000000000 -3.340764513170392913 0.432535718449441609
0.387559534999999955 0.000000000000000000 -3.404910878824055409 0.434068814403435865
0.388425297000001168 0.000000000000000000 -3.470515821953971791 0.436598071620471151
0.389291058999999218 0.000000000000000000 -3.537982729995213127 0.439962906671795217
0.390156821000000376 0.000000000000000000 -3.606229457697928353 0.443096616969119672
0.391022582999998480 0.000000000000000000 -3.673869129018176416 0.446610697759835140
0.391888344999999638 0.000000000000000000 -3.743986018803752813 0.449264799256391012
0.392754107000000796 0.000000000000000000 -3.815349486744060048 0.450972815869241428
0.393619868999998845 0.000000000000000000 -3.886189831692463681 0.453314175610036452
0.394485631000000059 0.000000000000000000 -3.958253895500848163 0.455694206103586186
0.395351393000001217 0.000000000000000000 -4.028698871365850032 0.457812766231546930
0.396217154999999266 0.000000000000000000 -4.100737585890747994 0.459986433025775909
0.397082917000000424 0.000000000000000000 -4.171316986350005251 0.462344027533775070
0.397948679000001637 0.000000000000000000 -4.241629752146097943 0.464753732979605372
0.398814440999999686 0.000000000000000000 -4.310291105762062536 0.467032990475348853
0.399680203000000844 0.000000000000000000 -4.379062112595065948 0.469382831114385668
0.400545964999998894 0.000000000000000000 -4.450312366039415934 0.471013864617456368
0.401411727000000107 0.000000000000000000 -4.521188702987329222 0.472743517250997669
0.402277489000001265 0.000000000000000000 -4.591520758327410690 0.474115508344216952
0.403143250999999314 0.000000000000000000 -4.661436562865342914 0.475276876279605631
0.404009013000000472 0.000000000000000000 -4.729839172832323690 0.476119712995844213
0.404874774999998632 0.000000000000000000 -4.798092648053365217 0.477570126021217733
0.405740536999999735 0.000000000000000000 -4.868315120427101128 0.478933767014081524
0.406606299000000893 0.000000000000000000 -4.938223174647705882 0.480301629186007495
0.407472060999998942 0.000000000000000000 -5.007249443159734525 0.482123043115988636
0.408337823000000155 0.000000000000000000 -5.077273759373872153 0.483855249400531373
0.409203585000001313 0.000000000000000000 -5.149270808733972693 0.485511025828653631
0.410069346999999362 0.000000000000000000 -5.219499734654982959 0.486799729713661200
0.410935108000000104 0.000000000000000000 -5.291036465644594955 0.487851857125393251
0.411800870000001262 0.000000000000000000 -5.360803296205065571 0.489064446558642341
0.412666631999999312 0.000000000000000000 -5.432614934493469327 0.489896698629705751
0.413532394000000469 0.000000000000000000 -5.501153501405603663 0.490136980011294132
0.414398155999998630 0.000000000000000000 -5.569550950815619572 0.491050499349167446
0.415263917999999732 0.000000000000000000 -5.637237977539867551 0.492233193172647576
0.416129680000000890 0.000000000000000000 -5.704837987142778566 0.493768135494143778
0.416995441999998995 0.000000000000000000 -5.772988615641795995 0.495235078893465352
0.417861204000000153 0.000000000000000000 -5.840935466819661137 0.496909137126883227
0.418726966000001311 0.000000000000000000 -5.908532904192275836 0.498180800981703809
0.419592727999999360 0.000000000000000000 -5.974965509776153816 0.499301207503700328
0.420458490000000518 0.000000000000000000 -6.040860937215963844 0.499756106425903901
0.421324251999998678 0.000000000000000000 -6.105836959256583540 0.500797716412837546
0.422190013999999780 0.000000000000000000 -6.171131853264680167 0.501669731621559367
0.423055776000000938 0.000000000000000000 -6.236192933618943890 0.502356328915998018
0.423921537999998987 0.000000000000000000 -6.301337086564976708 0.502916401871124186
0.424787300000000201 0.000000000000000000 -6.364506974535460770 0.503444906142657245
0.425653062000001359 0.000000000000000000 -6.426975030147871415 0.504005733445320958
0.426518823999999408 0.000000000000000000 -6.491295192182452212 0.504350429403154887
0.427384586000000621 0.000000000000000000 -6.553443855203402890 0.504681284505968053
0.428250347999998726 0.000000000000000000 -6.615703967460420998 0.504494913137583878
0.429116109999999829 0.000000000000000000 -6.677164897784908959 0.504893354749423762
0.429981872000000986 0.000000000000000000 -6.737984555348961457 0.505120887947630881
0.430847633999999147 0.000000000000000000 -6.798565845738405500 0.506457717198340096
0.431713396000000249 0.000000000000000000 -6.859244600006216608 0.507316451674066249
0.432579158000001407 0.000000000000000000 -6.919043781657119752 0.508390598826342632
0.433444919999999456 0.000000000000000000 -6.980458837120278481 0.508818538831887879
0.434310682000000670 0.000000000000000000 -7.041630095383829335 0.509423985894007281
0.435176443999998774 0.000000000000000000 -7.103109282345887010 0.509775560676358763
0.436042205999999877 0.000000000000000000 -7.163364834057980524 0.510360135768778145
0.436907968000001035 0.000000000000000000 -7.224427985270954977 0.510737137006090025
0.437773728999998724 0.000000000000000000 -7.284305007923967068 0.511298561647995253
0.438639492000000297 0.000000000000000000 -7.343575048550724738 0.511911393795638103
0.439505253000000984 0.000000000000000000 -7.402821189677559310 0.512762637249392417
0.440371014999999089 0.000000000000000000 -7.460677397161886049 0.513854993095434365
0.441236777000000246 0.000000000000000000 -7.517555830584026211 0.514920780065930117
0.442102539000001404 0.000000000000000000 -7.574179846182347298 0.515578970550005566
0.442968300999999454 0.000000000000000000 -7.630300097410429139 0.516683114276213828
0.443834063000000612 0.000000000000000000 -7.687467903057378926 0.517006158214710965
0.444699824999998772 0.000000000000000000 -7.741514386272212001 0.517715015209827323
0.445565586999999874 0.000000000000000000 -7.798442336251421025 0.517748926570837487
0.446431349000001032 0.000000000000000000 -7.852173884338560228 0.518248209456574904
0.447297110999999192 0.000000000000000000 -7.906998783504796791 0.518590846874238731
0.448162873000000295 0.000000000000000000 -7.961139481928061201 0.519255734202311747
0.449028635000001453 0.000000000000000000 -8.014742088557527566 0.519217536481606845
0.449894396999999502 0.000000000000000000 -8.067186154482696381 0.519363168938329567
0.450760159000000715 0.000000000000000000 -8.118747923915664799 0.519005520451075619
0.451625920999998820 0.000000000000000000 -8.168108918117201966 0.518917934644695156
0.452491682999999922 0.000000000000000000 -8.218662418049557772 0.518672660551812603
0.453357445000001080 0.000000000000000000 -8.266065006006183324 0.518974207869627002
0.454223206999999241 0.000000000000000000 -8.317135732435797735 0.519295615189054871
0.455088969000000343 0.000000000000000000 -8.364989386267264848 0.519286272638307511
0.455954731000001501 0.000000000000000000 -8.417177618928384675 0.519608207932583888
0.456820492999999550 0.000000000000000000 -8.466881882738473308 0.519239332847175494
0.457686255000000763 0.000000000000000000 -8.517978324432815995 0.519653145312398590
0.458552016999998868 0.000000000000000000 -8.568122775299496396 0.519564754836061016
0.459417778999999971 0.000000000000000000 -8.618263583623265944 0.520075627205727198
0.460283541000001128 0.000000000000000000 -8.667503128685925873 0.520656765372032981
0.461149302999999233 0.000000000000000000 -8.717253659275284505 0.521340268782597094
0.462015065000000391 0.000000000000000000 -8.764582725994399581 0.522407122716116112
0.462880826999998496 0.000000000000000000 -8.814027571475319789 0.522694900863267753
0.463746588999999654 0.000000000000000000 -8.859201006187721106 0.523378900427342475
0.464612351000000812 0.000000000000000000 -8.906778607139171910 0.523511926668297267
0.465478112999998861 0.000000000000000000 -8.950302604445186105 0.524459823322028895
0.466343875000000019 0.000000000000000000 -8.997292956184384849 0.524763494536598762
0.467209637000001232 0.000000000000000000 -9.040693137464359097 0.526184505257890955
0.468075397999998866 0.000000000000000000 -9.086697950943337432 0.526536642039094560
0.468941159999999968 0.000000000000000000 -9.130148698760738313 0.527535963976282773
0.469806922000001126 0.000000000000000000 -9.174823455499105052 0.527275848177881534
0.470672683999999286 0.000000000000000000 -9.217594878804266756 0.528021575898927287
0.471538446000000389 0.000000000000000000 -9.262255075928111481 0.528001767614322270
0.472404207999998493 0.000000000000000000 -9.304909117530053564 0.528374600125971372
0.473269969999999596 0.000000000000000000 -9.348362218679762137 0.528578317707984802
0.474135732000000809 0.000000000000000000 -9.390736449772806083 0.529018970823709855
0.475001493999998914 0.000000000000000000 -9.434413920553131661 0.529144485195579994
0.475867256000000016 0.000000000000000000 -9.473219659579589447 0.529694882300277392
0.476733018000001174 0.000000000000000000 -9.516181301239841517 0.529651377786518940
0.477598779999999334 0.000000000000000000 -9.553813859465494218 0.530371582246135786
0.478464542000000437 0.000000000000000000 -9.596965111336798415 0.530456623720482634
0.479330303999998542 0.000000000000000000 -9.635063903977869160 0.531121277122943547
0.480196065999999644 0.000000000000000000 -9.676938759151902048 0.531204613487074151
0.481061828000000857 0.000000000000000000 -9.714401827271530010 0.531046202928526889
0.481927589999998962 0.000000000000000000 -9.755825141303425596 0.531373122051754798
0.482793352000000064 0.000000000000000000 -9.793750673501886439 0.531279973050404863
0.483659114000001278 0.000000000000000000 -9.836653807627000035 0.531567348924487315
0.484524875999999327 0.000000000000000000 -9.875002736059290243 0.530917965991241525
0.485390638000000485 0.000000000000000000 -9.917018154615361070 0.531442417841724413
0.486256399999998590 0.000000000000000000 -9.953812163292548476 0.530649059937491563
0.487122161999999748 0.000000000000000000 -9.997845165616757512 0.531316624083326139
0.487987924000000906 0.000000000000000000 -10.038563396926242888 0.530517638429100269
0.488853685999999010 0.000000000000000000 -10.083078721134754119 0.531216605387440310
0.489719448000000113 0.000000000000000000 -10.124942382470379698 0.530003765971283625
0.490585210000001326 0.000000000000000000 -10.170055977230898492 0.530271699724463752
0.491450971999999375 0.000000000000000000 -10.211742197817983424 0.530185490016643945
0.492316734000000533 0.000000000000000000 -10.261210722271689733 0.530329357734798168
0.493182495999998638 0.000000000000000000 -10.303133543013951012 0.529846524734506996
0.494048257999999796 0.000000000000000000 -10.354203340088464103 0.530251032680794543
0.494914020000000954 0.000000000000000000 -10.398553244037813670 0.530532901117304223
0.495779780999998587 0.000000000000000000 -10.454229290040316869 0.530884045826089057
0.496645542999999690 0.000000000000000000 -10.498148681128244064 0.531636454418552562
0.497511305000000903 0.000000000000000000 -10.561979105140650859 0.531736538699110417
0.498377066999999008 0.000000000000000000 -10.606234184108357610 0.533085511495186126
0.499242829000000110 0.000000000000000000 -10.679639708791601294 0.533615262794334022
0.500108591000001268 0.000000000000000000 -10.725236281999976029 0.535657403460108816
0.500974352999999373 0.000000000000000000 -10.816341321236977890 0.536124922348441890
0.501840115000000586 0.000000000000000000 -10.862132535464692040 0.540085630396727745
0.502705876999998580 0.000000000000000000 -10.985813182802385057 0.540103139692275636
0.503571638999999793 0.000000000000000000 -11.031731297269161018 0.546049842421138854
0.504437401000001007 0.000000000000000000 -11.198830476176723892 0.548966936676586470
0.505303162999999000 0.000000000000000000 -11.276973423861516466 0.553009706052353334
0.506168925000000214 0.000000000000000000 -11.458102687241090933 0.570466310259328813
0.507034687000001316 0.000000000000000000 -11.750311134629688681 0.563605179267509970
0.507900448999999421 0.000000000000000000 -11.781401777492336080 0.611165224758683734
